2074.0334 1322.6471
3010.4336 256.7717
64.12991 296.17044
3338.2068 555.477
3335.5 609.5
3415.3452 609.4241
3325.889 612.2545
3358.379 628.0837
3374.797 630.4694
3337.4443 643.8889
3531.9924 644.96405
3551.0703 647.52856
3443.0 663.0
3323.3945 666.73895
3370.0 666.0
3419.3276 665.05426
3421.5 672.5
3310.0 676.5
3434.3567 677.9307
3214.0 677.5
3334.6655 677.7235
3421.0 677.0
3245.4338 682.398
3316.7866 683.6721
3310.0 682.5
3440.4 686.6
3531.8198 686.0908
3232.323 693.612
3377.2288 691.2745
3323.1282 689.694
3246.4563 696.5743
3246.4568 696.57434
3262.2734 694.30804
3275.6711 691.81506
3418.3245 696.62146
3464.0 696.5
3476.2307 696.18304
3262.2734 694.3071
3356.3728 695.91705
3220.5 700.0
3227.6482 700.2709
3280.0 700.0
3467.9597 706.05023
3482.0 701.0
3219.0 704.0
3317.2297 705.077
3295.7727 706.9091
3307.045 708.45386
3464.44 709.04
3350.0 710.0
3196.7283 714.33997
3419.0 718.0
3177.0 721.2941
3329.0588 718.4811
3183.1191 724.2868
3316.477 724.2689
3268.414 727.5417
3198.0305 731.69073
3301.1128 726.0157
3269.3818 738.03174
3212.2368 744.49316
3165.527 738.7118
3328.0 742.0
1977.0208 744.2421
3154.9958 748.1723
3208.0 752.5
3284.4016 755.0998
3238.4883 755.95905
2844.4802 760.21265
2799.0 764.0
3237.0 764.5
3482.764 765.32043
2742.115 765.65344
3240.223 770.68823
3325.0 767.5
3212.5798 770.46075
3427.2585 771.4567
3132.556 772.4354
3320.0 772.0
3448.0 772.625
2634.0 774.0
3003.5874 772.0786
3325.865 777.29816
3386.0 776.0
2585.7983 778.24176
2687.2861 773.4831
3325.866 777.2999
3352.473 782.20667
2637.669 781.8847
2534.221 780.487
2637.6685 781.8848
3352.473 782.20734
2583.0 785.0
3390.6458 785.0853
3345.0 788.0
3307.066 788.9735
3508.0 792.0
3519.4602 793.5087
3570.3552 793.35754
3347.088 798.85474
3377.2417 791.7786
3387.8772 796.0838
3852.9841 793.7358
3529.0 798.0
2904.7585 799.10315
2915.5 800.5
3298.228 799.6095
3383.2153 806.5887
3337.525 805.3709
3367.3455 809.4197
3408.495 805.70435
3441.486 806.186
3388.0 808.0
3323.0 810.5
3367.3457 809.4198
3268.4048 812.1408
3278.0159 811.1872
3348.0 815.5
3424.9412 815.58826
2385.5513 815.758
3286.0588 814.4285
3212.8652 824.3149
3257.85 824.175
3440.9668 829.1203
3374.4875 824.2571
2190.5103 826.48584
3236.4 828.4
3269.6 827.6
3261.6853 831.38354
3338.1714 833.3371
3420.5 832.0
3031.3271 834.5035
3184.307 834.7669
3241.282 836.36865
3384.0 834.0
3120.641 833.5651
3338.1724 833.33685
3375.5535 838.63544
3062.5 837.5
3231.5056 835.9538
3381.0 840.0
3236.449 839.5613
3361.9521 843.9387
3395.5 842.0
3337.6 844.6
3412.393 842.30774
3044.0 845.0
3053.5762 841.67194
3312.5552 846.48175
3318.0 847.0
3329.0767 845.4411
3380.775 845.7524
3089.6 848.6
2191.3032 850.2837
3100.0 850.0
3348.0 850.0
3436.6184 849.5035
3087.4 853.6
3273.0945 854.23444
3473.3525 854.60364
3553.6814 851.2572
3003.9058 857.4425
3071.5 858.0
3079.0 857.0
3219.3333 859.3333
3308.0 858.5
3202.9485 859.4554
3233.5276 863.81726
3384.2532 861.9745
3694.9014 863.2795
3026.6099 869.2704
3376.7104 867.1594
3254.0 868.0
3503.5542 868.46857
3273.4543 871.63574
3221.0 871.0
3260.9246 870.6846
3288.265 874.06055
3032.6519 876.80615
3043.8267 873.24054
3188.5828 875.71765
3300.3516 876.13574
3310.971 875.91534
3053.7083 879.6458
3288.2659 874.0608
3326.228 875.8259
3726.712 872.4447
3025.0 879.0
3300.3513 876.13556
3074.7817 883.6742
3468.3506 882.6511
3139.64 885.24
3282.8833 879.6286
3805.1956 884.2911
3351.76 886.3801
3091.5083 889.0534
2046.7926 891.52234
3075.5881 893.05884
3052.0217 893.5485
3362.382 897.47766
3085.4111 901.79944
3379.8828 895.07715
3331.4722 901.98474
3397.0 899.0
3039.0 901.0
3413.5986 906.1988
3794.1187 902.8472
3022.0 904.0
3085.4116 901.79987
3084.9065 910.60443
3214.4346 906.13153
3367.7808 904.1321
3119.0 907.0
3347.3845 909.58484
3204.5554 910.5729
3413.6006 906.1977
3221.446 917.54895
3232.1233 914.8066
3199.99 918.5944
3759.0 919.5
2996.3057 925.4945
3260.1812 925.6837
3191.1428 925.7143
3241.5 924.0
3272.3057 924.0966
3382.4243 925.13666
3767.5469 924.761
3234.5 926.0
3009.4214 925.2225
3125.0 927.0
2927.0598 928.4854
3113.0 930.0
3209.0 929.0
3220.1143 929.7409
3137.4863 931.127
3030.3333 936.0
3188.0 934.0
3225.521 934.7838
3245.3784 934.86487
3250.4258 930.5309
3101.2937 931.6007
3149.0 936.0
3179.4167 937.6667
3192.9197 941.6311
3213.5486 936.03094
3718.5 938.5
3300.0637 942.1977
3326.4734 943.5441
3716.0378 944.32935
3050.739 950.087
3188.664 952.40607
3287.0 948.0
3431.0085 948.4716
3637.8333 948.60144
3698.8665 945.9578
2886.6157 953.4201
3034.578 950.31305
3056.0 950.0
3152.0 949.0
3159.188 947.43146
3346.0 949.0
3200.0 951.0
3334.0 952.0
3629.0 951.0
3698.9368 950.31415
3428.0 954.0
3436.54 952.2391
3486.1748 955.70325
3047.65 957.20966
3776.143 954.81604
3799.4 956.6
3088.1995 957.61127
3630.0 958.0
3784.3936 958.25995
3047.6492 957.2102
3077.907 964.86774
3537.489 965.13586
3799.785 962.0536
2902.0 964.0
3038.0 963.0
3495.5413 965.03534
3758.724 962.8916
3858.4238 963.467
3266.9546 971.1746
3277.1335 966.92
3468.8826 967.87976
3476.0 966.0
3746.0532 964.4795
3942.873 966.1545
3008.767 969.5581
3240.82 972.4982
3468.8987 967.88635
3769.9258 970.3893
3902.3455 969.4687
3229.0 974.5
3246.3008 969.31616
3256.0012 973.06335
3266.9546 971.1746
3543.0 974.0
3552.575 974.1299
3239.7588 972.7542
3435.4 975.6
3442.0 975.0
2784.8267 979.88635
3552.5752 974.1299
3780.6333 978.51605
3254.656 984.6092
3254.6653 984.608
3425.191 977.77277
3485.3594 986.27527
3869.1914 984.276
3563.666 985.452
2849.524 991.23676
3263.4 988.6
3538.5652 988.6087
2887.3718 990.40845
3230.4153 990.9875
3571.0 989.0
3579.9612 989.2867
3104.5781 992.10724
3129.422 991.49286
3400.9963 990.0209
3782.2996 989.132
2841.2786 994.148
3116.2231 989.3618
3186.6667 994.6667
3202.0435 993.34753
3529.2412 993.932
3809.167 991.3246
3271.2383 991.4202
3675.1392 993.9585
2843.65 999.6
3208.2173 998.50635
3797.0 998.0
2829.5 999.0
2836.8909 1005.9982
3061.1968 1002.4626
3220.3489 999.80865
3559.1042 999.19745
2809.42 1013.44836
3111.7485 1002.3353
3168.6562 1000.47736
3227.724 1008.8031
2982.3809 1004.74884
3249.3037 1003.8443
3022.2 1006.1
3147.2026 1006.10254
3440.0 1005.0
3561.8052 1007.5022
2821.9922 1005.9434
2829.5317 1009.70844
3213.0 1007.0
3523.3118 1008.7456
3006.3147 1013.3972
3561.8018 1007.50275
3447.3333 1013.0
3456.4 1013.3074
2825.3035 1020.17975
3017.0 1014.0
3025.5 1013.0
3174.3896 1015.7359
3330.8992 1016.60345
3370.409 1012.39856
3390.1096 1013.9762
3667.3928 1014.9286
2836.7507 1017.9679
2950.796 1017.5119
3120.1038 1017.9001
3251.8538 1014.8329
3381.381 1016.00385
2905.5 1017.0
3342.638 1016.1806
3577.676 1020.51697
3613.986 1017.90967
2932.4617 1015.45447
3401.4 1019.6
3434.18 1018.89795
3818.0466 1017.5414
2836.7507 1017.9694
2991.1167 1020.31006
3255.0 1021.0
3281.8328 1022.35516
3172.0 1024.0
2885.311 1022.46826
3832.7266 1027.3474
2924.121 1023.54
3674.0 1028.5
3790.879 1026.4884
2867.27 1030.726
3667.0 1032.5
3986.0 1031.0
3423.13 1033.1537
3432.4204 1033.1437
3617.0 1034.5
2900.431 1038.519
3607.508 1038.1565
2881.0 1038.0
2914.3289 1039.0974
3496.6978 1040.8258
3596.3652 1039.2858
3673.5 1038.0
2889.4695 1040.937
3476.4697 1041.0585
3488.1567 1041.2756
3540.7795 1041.0618
2760.833 1039.7938
2848.0 1042.5
2908.5 1041.0
3033.323 1041.2924
3147.5447 1043.491
3158.5283 1044.8716
3171.7097 1043.6115
2279.9038 1046.516
2768.8823 1045.4288
3135.563 1042.0258
3661.0 1043.0
2816.4053 1048.425
2928.6523 1045.2214
3123.7974 1046.4371
3385.303 1043.6697
3488.1555 1041.2761
3489.0 1046.5
3735.8552 1041.2498
2877.2285 1051.7031
2941.2295 1049.7456
3147.5444 1043.4908
3461.6946 1043.7324
3867.521 1048.4105
2865.44 1049.68
2895.0 1050.5
2974.0 1049.0
3383.5378 1053.4777
3402.5 1049.0
3411.04 1044.8289
3498.0 1050.5
3612.4146 1045.0807
3653.0 1049.0
3671.0378 1056.0199
3684.1975 1047.7848
2279.9053 1046.519
2834.0 1052.5
3007.4253 1052.2185
3208.1023 1050.2709
3419.5 1052.5
3609.0 1051.0
2230.5 1053.0
2750.8289 1051.729
3251.5845 1053.2992
2181.0 1055.0
2189.0 1055.0
2792.4 1056.4
3369.0 1056.0
3397.1702 1056.3867
3490.625 1050.957
2837.3965 1059.5947
2974.0 1058.5
2896.8499 1061.3262
3019.964 1061.5879
3353.1528 1062.1659
3445.0 1061.5
3535.1946 1061.7012
3365.3025 1065.3284
2797.7144 1067.0
2863.0564 1066.1604
2973.1086 1069.3478
2831.5203 1065.5874
3230.7085 1071.2449
3427.0 1067.0
3610.0 1068.0
3022.3604 1067.5221
2896.601 1072.0355
3312.0 1072.0
2796.8867 1073.7991
2825.9126 1075.2042
2736.6106 1070.4612
2945.3782 1074.5704
2966.845 1074.6504
3369.4702 1072.629
2796.891 1073.8094
3347.3845 1080.2025
4113.5557 1079.6989
2755.6895 1080.3508
3013.0 1079.0
3441.0 1080.0
3461.6 1079.4
3568.058 1077.038
3582.5422 1079.4253
3612.8335 1084.1382
2803.3625 1084.9142
3923.7761 1084.8646
3433.2922 1082.1707
3572.5 1085.5
3591.318 1086.6364
3862.3352 1086.3124
2694.845 1089.5251
2704.0 1087.0
2871.1382 1087.0226
3016.1082 1090.495
3125.3325 1085.5923
3266.7515 1083.894
3315.5747 1085.3135
3355.282 1088.0286
3460.9443 1086.779
3493.8052 1089.4707
3760.5017 1088.0571
3797.691 1090.7878
2927.908 1090.995
3739.3206 1091.2416
2281.244 1094.505
2331.0413 1094.22
2331.0415 1094.22
2820.5 1092.0
3107.814 1093.4144
3502.0 1092.5
3584.3894 1091.5765
3598.1365 1094.2457
2232.3438 1094.1394
2232.344 1094.1393
2281.2446 1094.5093
2343.1108 1093.3461
3100.4 1094.6
3142.0 1093.5
3150.1384 1089.2761
3221.0 1094.5
3608.0908 1094.091
3677.6433 1088.5393
3855.9104 1091.4368
2183.7212 1098.5958
2188.7908 1100.0698
3619.5657 1098.8539
2135.8713 1101.1096
2135.8723 1101.1085
2331.0413 1094.2202
2331.0415 1094.22
2833.5605 1097.8945
2901.8474 1098.5059
3394.3296 1099.8312
3731.0 1097.0
2089.581 1103.4767
2089.5818 1103.4785
2277.5789 1100.1052
3459.6565 1100.6259
3515.0 1099.0
3571.0 1100.5
2040.3147 1105.316
2045.5 1102.5
2229.4211 1101.8948
3430.714 1102.4808
3438.9492 1104.2004
3452.1946 1100.3755
3619.5657 1098.8539
3801.5981 1104.2281
1992.71 1106.4663
1992.7119 1106.467
2135.8743 1101.1105
3561.4285 1104.4286
3578.1248 1107.6151
3596.405 1100.6738
1899.7908 1109.5051
1946.6923 1108.5082
1946.6936 1108.5074
2089.5818 1103.4784
2089.582 1103.4788
2135.8738 1101.1123
3669.9412 1107.9188
1853.6079 1111.1942
1853.6122 1111.1942
1899.786 1109.5085
2040.3169 1105.3182
2040.3182 1105.318
2896.3672 1109.1743
3385.92 1107.5808
3585.5715 1108.2858
1806.728 1112.4331
1812.4 1110.4
1992.71 1106.4667
1992.7114 1106.467
3131.7356 1111.3942
3144.985 1112.3934
3571.0 1109.0
1761.3727 1115.1619
1761.3718 1115.159
1946.6945 1108.508
1946.6938 1108.5077
3316.0 1112.0
3367.6416 1110.3882
3392.215 1112.6423
1718.089 1116.7448
1723.421 1113.8948
1853.6118 1111.1943
1899.7865 1109.5082
1905.0 1114.0
3562.4392 1110.477
3609.2 1114.1
3617.0789 1111.5638
3633.2825 1111.9283
1812.5 1117.0
1853.6111 1111.1957
3168.1624 1115.8516
3206.6465 1116.7188
1761.3727 1115.1616
1806.728 1112.4331
3511.9695 1121.7719
3533.8423 1117.723
1718.0885 1116.7455
1718.0898 1116.7465
2906.9539 1120.4243
3109.5 1119.0
3127.0 1120.0
3591.4333 1118.9683
3623.4 1120.6
2744.504 1120.48
3134.0 1121.5
3140.9546 1122.909
3178.47 1123.7101
3269.0 1121.0
3272.769 1117.6405
3283.5 1122.0
3406.1367 1120.7748
3544.7144 1122.8572
3660.737 1118.4698
2731.5 1123.0
3304.7751 1125.2516
3511.9683 1121.7704
3632.2275 1126.4648
2858.9495 1124.368
2873.5996 1126.5521
2873.5996 1126.5522
2900.487 1127.5641
2435.6633 1131.2378
2731.7764 1130.9764
2836.5 1130.0
3352.1345 1130.7949
3632.227 1126.4651
3647.0 1130.0
2845.4182 1136.9989
3205.2393 1132.1439
3544.5574 1134.3245
3544.5574 1134.3245
2435.6636 1131.2379
3264.4119 1133.9412
3536.0 1134.0
3704.0 1134.0
2900.9277 1140.5773
2867.7126 1136.0918
3403.2222 1137.0603
3719.0 1138.0
3990.3218 1140.0619
2845.4177 1136.9988
2330.1797 1143.4652
2330.1797 1143.4653
2945.7976 1143.1523
3865.802 1143.5226
2231.0293 1146.9741
2280.7097 1142.1614
2280.71 1142.1615
2342.9832 1144.4198
3804.6846 1146.7582
3878.9355 1141.5365
2182.516 1148.6368
2188.0 1147.0
2236.5305 1148.6531
3222.0 1145.5
3682.5 1146.5
3742.6 1145.6
2133.411 1150.2516
2138.9092 1148.9546
2327.0 1149.0
3351.1367 1144.554
3377.8318 1147.121
3400.0 1147.0
2088.0828 1152.9402
2088.083 1152.9397
2277.5 1150.5
2284.4211 1150.1052
2842.741 1149.3776
3609.0 1150.0
2038.522 1154.2441
2044.421 1151.8948
2228.5789 1152.1052
3316.8108 1152.3612
3335.5713 1151.9987
3498.9817 1149.9269
1945.797 1156.6411
1945.7955 1156.6416
1991.8982 1155.4109
1991.9017 1155.4142
2133.4114 1150.2513
2138.9092 1155.0454
2187.6 1153.4
3302.615 1153.2151
3577.6323 1158.2325
1898.6176 1158.0615
1898.619 1158.0612
2088.0837 1152.9434
3595.0535 1152.336
3614.8452 1154.0728
3678.1555 1151.8251
3737.3232 1151.1006
1804.4674 1161.0046
1811.421 1158.8948
1853.5721 1159.8137
1853.5737 1159.8158
2038.5215 1154.2454
2043.9524 1157.9524
2446.1687 1155.4186
3231.43 1160.6053
3486.5137 1158.5848
3501.0 1157.0
1760.606 1162.2925
1760.6058 1162.2941
1945.7958 1156.64
1945.7952 1156.6411
1991.8976 1155.4105
3248.4722 1156.0801
3598.2322 1162.1516
3660.6096 1160.5994
1679.5842 1163.995
1716.215 1162.7863
1721.5 1161.5
1898.6179 1158.062
1898.6189 1158.0613
3256.5 1162.5
3344.9932 1165.46
1804.4642 1161.0084
1853.5736 1159.8158
2901.4995 1161.4012
3364.0 1164.0
3372.6606 1160.0872
1721.5 1167.0
1760.6058 1162.2925
1760.6058 1162.2942
1811.0 1166.0
3681.693 1165.3881
1716.2153 1162.786
3350.0 1167.5
2788.5789 1176.5438
3344.993 1165.46
3659.5674 1168.19
3742.5042 1172.8583
3864.2502 1169.3527
3907.7998 1168.6019
2838.4524 1170.0912
3343.8862 1176.666
3398.3457 1172.9879
3405.0627 1172.8126
3699.3186 1168.3716
2802.3047 1183.3973
3242.2178 1174.2765
3555.8857 1175.492
3827.6968 1176.9153
3182.792 1176.1064
3343.8862 1176.6659
3772.0105 1173.7823
2837.5 1177.0
2842.0 1177.0
3984.359 1179.6569
2828.29 1182.1848
3267.3254 1179.0198
3827.6973 1176.9161
2795.0 1182.5
3379.1492 1183.3411
3221.0898 1184.7628
3984.359 1179.6569
2828.2896 1182.1842
2864.0 1185.0
3562.578 1184.217
3183.5 1187.0
3439.8435 1186.4698
3562.5776 1184.217
3919.117 1187.6831
3944.6282 1184.5891
3138.002 1190.4329
3418.4 1190.4
3463.4197 1190.6666
3512.3381 1188.0892
2279.4453 1192.3015
2329.8572 1191.6166
2334.9805 1196.1569
3173.4 1192.4
3256.6665 1194.0532
4057.0315 1194.0911
2235.9412 1198.5491
2279.4456 1192.3015
2342.9043 1194.6238
2883.8586 1192.5532
3375.0 1194.0
3477.3914 1192.4258
3492.6357 1192.505
3718.0 1194.5
3869.908 1195.0033
3944.5083 1196.1488
3993.124 1194.7251
2180.424 1199.3462
2187.36 1199.88
2229.5195 1197.9031
2782.5789 1195.4318
2872.6003 1195.9302
3145.6013 1200.3445
3185.457 1194.4594
3272.5024 1194.7977
3272.5056 1194.796
3828.9272 1194.8333
2132.0928 1201.3683
2137.9092 1198.9546
2326.875 1199.5
2818.7144 1199.7142
3557.5405 1200.3468
3629.6787 1196.8806
3653.0027 1196.1346
3806.5 1198.5
3890.0 1198.0
4121.0 1198.0
2087.024 1202.4375
2087.0264 1202.4397
2276.8965 1201.0
2037.4766 1204.2948
2043.5 1202.0
2180.424 1199.3462
2229.5198 1197.9033
2926.7139 1200.3651
3186.5 1201.0
3485.7683 1202.6088
1945.3105 1206.7434
1945.3115 1206.7456
1991.5852 1206.5762
1991.588 1206.5781
2138.0 1205.0
3137.6 1203.4
3182.0 1203.0
3300.377 1205.8143
3521.1748 1199.5566
3928.047 1200.1433
1851.6566 1209.0497
1857.0 1206.5
1897.7665 1206.2936
1897.7665 1206.2937
2087.0264 1202.4398
2846.0 1205.0
3265.139 1205.4935
3310.3943 1203.1858
3643.4229 1202.7905
1760.1329 1211.3214
1760.1327 1211.3229
1804.3394 1209.5187
1810.3334 1207.8334
2037.477 1204.2946
2043.5 1208.0
3486.0 1209.0
1714.9045 1210.9612
1720.421 1209.8948
1945.3112 1206.7466
1945.3113 1206.7465
1991.5848 1206.5759
3036.395 1207.4238
3044.5 1210.0
3134.403 1209.5227
3162.9766 1209.4398
3398.428 1210.1361
3571.2517 1208.5358
3608.2317 1207.0834
3640.9177 1211.9803
3671.2883 1206.6401
3846.2678 1213.413
3886.7305 1209.4576
1851.6567 1209.0502
1857.0 1212.5
1895.421 1211.8948
1902.5 1211.5
3134.4028 1209.5232
3521.5 1211.5
3530.3984 1210.7231
3914.6172 1210.4645
1760.1321 1211.3213
1760.1324 1211.3229
1804.3342 1209.5248
1810.5 1214.0
1712.4 1216.4
1720.4 1215.6
3177.752 1212.8066
3408.0 1215.5
3564.0544 1214.9989
3171.0815 1218.4147
3551.397 1217.2795
2713.0 1220.0
2733.875 1215.7311
3171.388 1218.4703
3332.311 1218.1981
2851.0 1222.0
3418.4766 1220.6428
3660.6824 1225.5248
3431.0 1224.0
2709.1 1226.05
3169.3845 1228.0
3328.6672 1228.991
3611.0 1225.0
3137.1477 1225.5521
3174.0 1227.0
3539.2397 1228.7491
3561.8538 1232.2084
2805.9448 1235.3802
3196.0183 1231.38
3261.6 1229.4
3268.0142 1230.2157
3425.492 1229.4062
3619.3464 1226.7633
3028.2725 1231.4132
3253.984 1232.2574
3133.504 1236.8844
3181.1223 1235.3734
3188.5 1236.0
3469.048 1235.2384
3621.3652 1237.6415
3159.0 1238.5
3252.0 1238.0
3306.305 1237.3922
3561.8518 1232.2072
3561.8518 1232.2074
3996.6 1238.6
3032.292 1241.1929
3163.5825 1239.5675
3420.3237 1242.1724
3519.625 1237.6599
848.51794 1240.4257
2276.9883 1243.444
2283.395 1245.6777
2329.1787 1242.2559
2334.4814 1246.1666
3175.168 1240.3448
3269.4255 1241.9972
4010.7686 1240.8829
2228.1094 1247.5724
2235.3333 1248.1754
2342.6704 1245.0072
3032.2915 1241.1934
3244.164 1242.5769
3660.2659 1243.5465
3997.0588 1244.4117
4002.0 1244.5
2181.0288 1248.812
2187.04 1246.6
2848.0557 1244.4828
3130.5 1245.5
3135.0 1245.5
3159.3015 1246.9845
3205.7139 1242.6476
3225.3865 1244.2063
3420.324 1242.1722
3625.1445 1244.3817
2085.801 1250.5619
2085.803 1250.5609
2131.5264 1250.5873
2137.0908 1247.909
3195.155 1247.4445
3499.8782 1245.1182
1989.7194 1253.2443
1995.421 1250.8948
2036.8617 1251.639
2042.421 1249.8948
2276.7432 1249.9985
2283.3965 1245.682
2327.0 1250.0
3487.2524 1251.9476
4121.969 1250.4463
1897.3484 1255.3279
1943.7418 1254.6354
1948.8 1252.32
2181.029 1248.8121
2186.5789 1252.8948
3015.3257 1254.4995
3177.6072 1250.3314
3193.3333 1252.8334
3295.9114 1251.191
3376.4097 1253.2491
1851.5668 1257.1422
1851.5676 1257.1404
1897.3475 1255.3259
2085.8005 1250.5624
2085.8032 1250.5608
2137.5 1253.5
2684.5 1253.0
2845.3547 1254.2609
3124.7048 1259.9622
3261.6248 1252.8048
3687.1145 1251.9479
3742.5015 1253.4498
3997.2578 1254.9753
1757.8622 1258.9562
1762.909 1256.9546
1804.0475 1258.3679
1809.421 1255.8948
1989.7211 1253.2449
1995.579 1256.8948
2036.8619 1251.639
2042.579 1255.8948
2674.3079 1254.3684
3362.1064 1254.3514
3934.7222 1258.9719
3952.0 1256.5
1713.3188 1260.3228
1719.0 1258.5
1943.7412 1254.6334
1948.8948 1258.579
1851.5668 1257.1423
1851.568 1257.1403
1897.3473 1255.3259
1897.3483 1255.328
2669.1716 1258.6647
3146.1196 1263.0239
3253.2222 1261.3334
3368.0 1260.0
3387.178 1259.4454
3395.0 1259.0
3627.4773 1262.833
1757.8625 1258.9569
1804.0521 1258.371
1809.4 1262.6
2846.7769 1260.5461
3117.6 1261.6
3166.2449 1263.9186
3283.8699 1260.8029
3548.293 1265.473
3646.5798 1261.8184
3806.345 1259.4457
1713.3188 1260.3229
1719.0 1264.5
1757.8693 1258.9689
3051.442 1264.8726
3375.2288 1263.1421
3710.8135 1263.0442
3793.7507 1261.0402
3009.439 1262.8304
3181.0796 1265.2842
3383.4 1266.4
3501.0903 1263.669
3747.5889 1264.5479
3863.6401 1263.2552
3872.854 1261.2491
358.68356 1269.8193
3125.658 1269.5308
3166.2542 1263.9191
3258.0 1268.0
3522.3333 1268.8889
3529.4211 1267.8948
3548.2927 1265.4741
3569.0942 1267.0035
3602.6074 1268.6604
3628.0 1268.5
3769.956 1269.176
3018.5 1271.2476
3151.2458 1268.1156
3510.743 1271.5621
3538.756 1268.656
3806.2437 1272.5095
377.03085 1272.8698
3201.769 1271.4769
3273.0 1272.5
2849.1885 1275.1492
2876.5667 1274.4316
3175.467 1274.9946
3214.0 1274.0
3255.0 1273.5
3382.1528 1270.5088
394.46927 1276.5458
3191.6 1275.4
3227.2612 1272.3501
3382.1528 1270.5087
3510.7495 1271.5621
3566.0 1276.0
394.47003 1276.5448
3082.1074 1279.607
3137.2766 1276.5782
3250.5 1277.0
3548.5 1278.5
358.49432 1277.8419
2995.3342 1278.9924
3030.5627 1280.973
3160.4514 1285.2638
3377.639 1279.9609
3514.2156 1282.6494
3213.2373 1282.6447
3222.2913 1282.8716
3312.939 1280.2637
3322.4585 1281.5808
428.7836 1283.8356
3275.8562 1286.5175
3815.492 1280.8215
3928.5735 1281.291
2904.9646 1282.1884
3010.098 1283.7487
3017.5479 1289.1561
3149.1897 1287.9248
3241.863 1285.4791
3417.8215 1287.2847
3543.2056 1289.701
3564.8364 1290.2031
3810.0 1285.5
445.79596 1287.0223
2885.1917 1286.6981
3028.3333 1288.1666
3233.5662 1288.5955
3867.5 1288.0
445.796 1287.022
2872.0 1290.0
3133.8413 1289.893
3168.804 1291.4448
3436.0 1289.0
3900.4155 1289.3696
3223.0 1291.0
3644.8823 1291.1501
3707.4287 1290.4373
413.50513 1296.1389
2276.5942 1295.254
2283.324 1295.8901
2326.1611 1297.5695
2334.6182 1298.2181
3133.8413 1289.893
3403.6682 1293.674
3528.8376 1289.3033
3564.838 1290.203
2227.3435 1299.405
2235.138 1299.9656
2342.7854 1296.5035
2990.5227 1294.7789
3009.0 1296.5
3266.8618 1296.5859
2131.3896 1300.243
2136.9092 1298.9546
2179.0664 1300.0945
2186.8572 1297.8572
3223.906 1299.0793
3232.8767 1299.1746
3593.0 1298.0
3935.0483 1299.8091
2035.355 1303.3573
2041.909 1300.9546
2085.3562 1302.1884
2090.4211 1299.8948
2973.1758 1301.9203
3173.2803 1303.3044
428.2282 1300.0461
716.6568 1300.367
728.9627 1301.7522
1942.9475 1305.5647
1948.0 1303.0
1988.5251 1304.2946
1994.421 1301.8948
2276.719 1302.4745
2284.4285 1303.4286
2903.372 1303.393
3629.0 1301.5
3682.0103 1299.28
3804.0 1302.6666
516.0 1303.0
1849.4668 1307.7615
1854.909 1304.9546
1895.6436 1307.231
1900.909 1303.9546
2129.5 1305.5
2136.9092 1305.0454
2179.0637 1300.0972
2186.5 1304.0
2854.5 1305.0
3145.4487 1307.9474
3160.532 1301.1152
528.781 1304.2908
1756.9281 1309.9078
1756.9299 1309.9094
1803.572 1308.1547
1803.5742 1308.1566
2035.3579 1303.3573
2042.5 1307.0
2085.3564 1302.1881
2090.4211 1306.1052
2989.7173 1309.5599
3123.4238 1302.8497
3173.279 1303.304
3191.86 1304.5016
463.23828 1307.2166
479.0486 1306.0734
1711.8972 1309.4564
1717.6 1307.6
1942.9541 1305.5624
1988.5245 1304.2952
1994.5 1308.5
3408.213 1306.6959
3630.0 1308.0
3746.172 1310.3252
1855.3334 1311.1666
1895.6442 1307.2316
1895.6504 1307.2385
1942.9481 1305.5645
3810.4136 1305.5139
3999.9402 1311.4312
4064.4658 1311.9623
479.0467 1306.0781
1756.9285 1309.9117
1762.0 1312.5
1803.5731 1308.1569
1808.579 1311.8948
1849.471 1307.7633
3157.5588 1315.801
3430.8713 1313.1874
3536.5 1311.0
3875.747 1315.5066
511.8974 1311.558
1711.8976 1309.4562
3170.1128 1312.2632
3180.215 1314.6548
3746.172 1310.3254
3788.253 1313.1696
3811.2148 1313.2161
3867.5845 1314.8846
3949.5 1314.0
3532.8948 1315.421
3620.7334 1316.3062
3690.6543 1317.7772
3967.0205 1317.0743
512.22644 1318.3026
3570.642 1321.6687
3593.0454 1318.091
3600.5 1318.0
3735.4854 1315.6879
4064.0 1317.5
525.264 1321.1097
3212.4104 1318.1158
3489.0 1319.0
3582.6147 1321.4541
3476.7861 1323.1158
3877.0 1322.0
3165.0483 1321.5885
3310.4692 1324.6837
3334.3025 1325.0294
3692.0 1324.0
3938.4595 1319.9836
3421.3381 1328.6582
3490.9524 1325.6952
3512.7764 1325.3225
3591.0 1326.5
3611.5 1325.0
843.3454 1327.1399
3155.7383 1329.568
3210.8694 1327.5697
3284.1062 1324.8519
3403.6235 1330.0466
3571.0 1327.0
2990.4 1330.4
3150.4246 1333.868
3232.1794 1328.236
3379.586 1331.426
3490.0886 1331.5647
3737.178 1328.5494
3746.561 1331.122
3583.9163 1338.7067
510.33063 1335.5114
3161.5 1335.0
3483.5796 1333.8759
3814.0 1336.5
3167.2256 1334.803
3194.5955 1340.687
3226.875 1339.8005
3426.31 1335.2378
3512.2622 1337.885
3693.0 1337.5
3177.4553 1339.8994
3211.954 1341.0781
3118.6204 1342.7045
3070.541 1349.8379
3160.2153 1342.7753
3166.0 1344.0
3567.4355 1339.7417
2276.4336 1346.6053
2283.2292 1346.8612
2329.4326 1345.2853
2334.6482 1349.463
3173.6 1345.6
3623.1736 1345.1254
2178.58 1351.2324
2186.0 1349.0
2227.3662 1350.4357
2235.0535 1351.4464
2342.4404 1348.3025
3566.6777 1349.7958
3571.4604 1348.8889
3691.713 1346.2823
2085.267 1352.6119
2085.2678 1352.6068
2129.2542 1352.4802
2136.5 1350.0
3422.797 1350.0077
3438.7542 1348.0106
3602.6416 1349.7731
1988.5399 1355.0994
1993.909 1352.9546
2034.3794 1354.3213
2041.421 1351.8948
2326.8 1353.32
3167.669 1352.966
1895.0219 1356.4474
1900.5 1354.5
1942.5956 1355.2682
1942.5948 1355.2695
2227.3662 1350.4357
2276.3894 1353.4438
2282.843 1352.9111
3167.6687 1352.966
3279.3308 1354.1578
1802.2937 1358.0663
1807.5 1356.5
1847.7769 1357.9785
1854.0 1355.5
2085.267 1352.612
2085.2678 1352.607
2129.2544 1352.4802
2136.6 1356.4
2186.5 1356.0
3272.5 1355.0
1711.277 1360.2302
1716.5 1358.5
1756.5935 1359.4877
1756.5962 1359.4884
1988.5398 1355.1008
1993.8948 1358.579
2041.5 1358.0
2924.3137 1356.2328
3124.58 1356.6447
3429.394 1360.0496
1895.022 1356.4473
1942.5952 1355.2675
1942.5947 1355.2695
3231.4 1360.6
3256.0 1359.5
3399.9429 1357.6184
3467.389 1357.2538
3510.9578 1361.2117
1802.2936 1358.0663
1847.7767 1357.9786
1854.4 1361.6
1901.0 1361.0
3260.6155 1363.7693
3745.6667 1361.8334
1711.2797 1360.2314
1756.5939 1359.4877
1756.5962 1359.4888
1808.0 1363.0
3253.0 1364.0
3330.6492 1361.5187
750.44684 1365.5669
764.6519 1367.3151
1711.2788 1360.2316
3123.9705 1367.5531
3452.247 1364.2574
3579.448 1367.153
3280.151 1368.5007
3337.0 1369.5
3346.0 1370.0
3750.5964 1373.325
4003.5442 1370.2323
4066.9175 1370.9187
791.2308 1371.5417
3021.361 1373.8137
3354.4 1371.6
3379.6482 1373.6821
3440.6414 1373.658
3606.3735 1374.1522
3816.4824 1374.7373
3831.0818 1377.2458
3941.7373 1375.5222
3694.8972 1377.1793
3750.5964 1373.3251
3808.1318 1376.4801
805.28784 1377.3042
3251.2627 1374.767
3261.3716 1375.9116
3707.6587 1373.8398
3784.4539 1375.7855
3784.4536 1375.7842
4132.0 1376.0
2096.445 1377.1641
3218.0044 1377.9406
3410.9539 1380.6731
4003.891 1376.7781
699.7815 1382.9747
3159.24 1379.6758
3187.7778 1376.6686
3524.0427 1377.3099
3831.0828 1377.2482
3941.7366 1375.5238
658.0 1381.0
3435.0 1381.0
3495.6116 1379.2322
3392.3013 1384.35
3501.488 1386.626
3257.8901 1386.631
3551.9036 1385.5776
2118.923 1387.6918
2874.0908 1388.1884
3487.8855 1390.4858
2847.6396 1387.5642
3138.4343 1385.1887
3748.6912 1386.4297
3164.0874 1387.9064
2128.1538 1398.8462
3042.4 1395.6
804.2111 1396.8397
2276.3252 1399.4415
2284.3572 1399.4286
2329.322 1398.179
2334.6182 1402.5636
3179.0 1397.0
3455.1147 1395.4324
3643.637 1397.0541
2226.523 1403.0713
2234.875 1403.8392
2342.203 1401.3235
3137.587 1400.3978
3170.8965 1402.5502
2084.3586 1405.0209
2089.3845 1406.0769
2131.5447 1401.191
2178.3735 1404.0095
2185.8572 1401.8572
1946.909 1404.9546
1987.522 1407.4005
1993.8948 1404.421
2033.3561 1406.4094
2041.421 1403.8948
3371.3027 1402.6498
3464.7817 1404.7765
1848.0011 1408.0966
1853.5 1407.0
1894.9314 1406.2494
1894.9312 1406.2496
1941.3196 1407.584
2226.5232 1403.0714
2284.04 1407.4
2329.4812 1406.6265
2810.2512 1407.3423
2905.828 1405.8347
3156.31 1411.3221
3250.71 1407.9956
3633.0 1405.0
1708.4454 1411.2645
1715.5 1408.5
1755.0782 1410.683
1760.5 1408.0
1800.6191 1409.4574
1807.0 1407.5
2129.4937 1404.5758
2136.5789 1408.8948
2185.9092 1408.0454
2276.7046 1406.6962
3360.116 1404.4481
1987.5264 1407.3998
1993.5 1411.0
2041.0 1410.1428
2084.3586 1405.0206
3249.9297 1411.4745
3651.0 1410.0
1891.5 1413.0
1899.421 1412.1052
1941.3193 1407.5842
1946.5 1411.5
1755.0815 1410.6824
1755.0817 1410.6816
1800.6261 1409.4484
1807.0 1414.0
1845.5 1413.5
1853.6 1413.4
1708.4465 1411.2651
1715.0 1415.0
3478.558 1415.4053
3632.114 1417.8093
3639.0 1415.0
3627.0 1418.0
3256.0 1422.0
3398.0 1421.0
3811.2627 1421.5148
2981.4062 1428.9445
3402.3567 1426.9142
3249.3496 1425.9286
3455.2368 1425.8027
3944.96 1431.2898
4067.8123 1427.1631
3825.0906 1430.6295
2850.0 1432.0
3175.5251 1436.4003
3767.8364 1432.4559
3246.6223 1436.85
3402.0 1433.0
3441.2007 1430.8289
3692.669 1434.6201
3175.5251 1436.3997
3282.7 1437.8
3429.0457 1437.0939
3463.6807 1438.2721
3463.6802 1438.2716
3834.5789 1435.4766
2921.5132 1436.3611
3090.4238 1436.4331
3135.3513 1435.58
3456.0 1438.0
3749.465 1435.4823
3762.4 1438.6
3819.7622 1437.83
2894.6277 1440.6376
3578.7502 1438.8511
3617.463 1438.7427
3707.42 1440.3975
4049.6938 1441.347
3158.027 1441.021
3670.3135 1445.4359
3699.0469 1442.8784
3896.9414 1442.5778
3906.5469 1443.5038
4018.4692 1442.752
4036.2307 1443.251
3677.8333 1443.3334
3766.47 1444.8811
3787.0193 1445.4111
3804.7568 1444.8416
3839.4636 1445.8505
3857.8079 1444.6436
3928.254 1446.5082
3949.0 1443.5
3963.9841 1448.7932
3981.867 1448.92
3999.0 1443.0
3164.2043 1448.5118
3197.1255 1443.9768
3321.3145 1448.2103
3688.0698 1446.5289
3733.976 1451.8616
3749.4617 1450.1506
3815.7947 1450.811
2234.3667 1452.8334
2276.3013 1448.5731
2282.7166 1448.8887
2329.577 1447.6731
2329.5767 1447.673
2342.1736 1449.3823
3296.0 1448.5
3716.648 1451.5052
4018.0337 1448.6354
4049.4407 1448.7394
2177.4678 1452.62
2185.92 1450.44
2226.6948 1451.9348
3039.0 1450.0
3289.4812 1447.8666
3455.2864 1451.8391
3683.357 1450.9557
3827.4338 1451.1866
3884.0 1450.0
3895.4204 1451.8029
3928.0793 1449.0114
3946.275 1449.6464
3999.868 1448.5417
2032.343 1454.9347
2039.7078 1454.4171
2084.3728 1450.1992
2084.3723 1450.1993
2128.3718 1454.0197
2135.5 1451.5
3265.9993 1456.6428
3652.05 1452.828
3762.8845 1453.3462
3786.8687 1452.058
3804.375 1452.875
3815.794 1450.8112
1891.4142 1457.0116
1898.6 1454.6
1938.928 1456.3658
1946.5 1454.0
1988.3259 1454.3309
1988.3262 1454.3306
3288.0 1453.0
3307.5 1453.5
3585.353 1456.4752
3628.8616 1452.2959
3683.358 1450.9548
3700.513 1455.192
3749.4617 1450.1501
1754.4958 1453.4122
1798.8129 1458.976
1806.4 1456.4
1844.7758 1458.304
1853.0 1455.5
2185.9092 1457.0454
2226.6895 1451.9362
2276.6602 1456.0991
2284.04 1456.4
2329.7153 1455.9426
2842.6633 1465.0984
2847.2856 1456.7858
3294.336 1455.195
3365.7395 1454.8257
3616.1353 1455.8433
2081.4 1458.4
2088.5 1458.5
2128.371 1454.0203
2137.5264 1458.421
2177.4211 1457.8948
2605.4976 1458.7483
2620.5566 1458.2958
2664.6543 1458.3546
2678.7297 1458.5751
2695.377 1457.337
2710.0527 1457.801
2782.6616 1457.2197
2856.2454 1461.2075
3009.0 1457.0
3061.1816 1456.7188
3306.4243 1459.7445
1938.9147 1456.37
1946.4 1460.6
1985.5 1460.0
1993.5 1460.0
2032.3424 1454.936
2039.7139 1454.4175
2546.8833 1459.6407
2561.2903 1460.8281
2645.5918 1457.7632
2724.3865 1457.7913
2897.7273 1458.8749
3140.9385 1457.5258
3756.5 1459.5
3822.6365 1461.5454
1798.8123 1458.9763
1844.7793 1458.3042
1852.5 1462.5
1891.4143 1457.0115
1899.0 1461.0
2533.2207 1462.7253
2533.2207 1462.725
3086.0 1462.0
3150.1912 1460.6754
3278.8616 1463.8254
3840.423 1459.9064
3857.8545 1461.4314
1806.0 1463.0
2338.8 1465.3
3046.5 1463.0
3191.4211 1464.8948
3292.5596 1463.2969
3358.0957 1462.4712
3664.717 1462.4634
3813.6802 1465.634
3907.6248 1462.8301
2081.0 1466.0
2362.0784 1469.2815
2591.474 1467.6587
2605.6963 1466.6417
2645.5557 1467.1996
2679.526 1465.461
2695.1438 1466.4689
2709.5417 1465.1829
2896.3513 1467.6709
2940.4377 1467.6316
3278.8613 1463.825
3347.8618 1468.46
2060.6082 1468.0642
2074.24 1467.51
2520.4429 1468.0914
2546.6416 1467.2363
2561.0 1467.0
2576.5457 1467.4349
3200.8906 1464.4541
3307.7966 1466.7053
3789.2212 1468.5647
3803.797 1467.0703
1893.2782 1473.0063
2822.8367 1469.5139
2869.5703 1469.4763
3253.0 1470.0
3369.8003 1473.197
3930.4534 1467.7715
1694.0 1471.0
1710.4885 1474.0449
1723.3602 1472.9661
1798.34 1474.8881
1805.6 1471.6
1880.5223 1473.0481
1906.584 1472.0139
2341.3857 1473.4266
2973.0 1471.0
3000.0 1472.0
3049.0 1472.0
3120.2305 1467.0303
3167.8064 1473.8741
3277.6 1472.6
3610.1887 1473.4539
3982.6367 1467.2346
1733.5046 1473.963
1762.1034 1476.6724
1775.0 1474.0
1787.6556 1474.358
2046.2397 1475.7728
2068.0 1475.0
2073.4553 1475.7931
2101.4358 1475.529
2115.3025 1475.8318
2130.1848 1474.6797
2830.6143 1488.8085
2859.078 1476.9656
3159.0605 1473.652
3193.2625 1476.9764
3237.5347 1470.4882
573.5896 1478.8777
1658.0 1476.0
1667.2867 1475.5433
1694.0 1475.0
2059.2317 1475.1908
2059.2317 1475.1907
3143.85 1476.4757
3308.6 1475.4
3372.0112 1472.5239
3509.1729 1475.8613
1649.4324 1475.5377
1684.7347 1487.1224
1738.5 1478.0
1749.2612 1480.4989
1812.3054 1479.4169
1867.3981 1478.1383
1881.5365 1478.2059
2115.3027 1475.8317
2665.6013 1479.3091
2725.9573 1481.0265
2784.201 1476.4412
2873.1785 1479.6005
3080.0 1478.0
3357.4824 1478.9633
3357.482 1478.964
3858.1035 1475.8214
1689.8573 1480.5126
1733.2656 1480.4955
1774.752 1480.4036
1783.0 1480.0
2046.2393 1475.7734
2115.3025 1475.8317
2695.3938 1480.298
2750.5144 1476.7417
2760.6 1480.6
2923.101 1479.6865
3058.8586 1476.6573
3143.8508 1476.4764
3177.428 1480.6562
3204.4783 1478.3623
3228.0 1479.5
3315.4102 1483.4309
3751.0 1480.0
1672.5 1481.0
1698.0 1481.0
1905.0 1481.0
2520.4814 1481.4924
2645.125 1482.6444
3964.6985 1483.8832
3987.0 1482.0
1761.5835 1481.7207
2725.957 1481.0264
2791.7776 1485.9753
3128.5146 1482.2201
3310.4 1484.4
3858.4429 1486.7872
3947.5757 1485.538
2338.9556 1485.2782
2363.1096 1487.0355
2369.5 1485.0
2532.461 1482.611
2580.9387 1481.9879
2605.2898 1482.8853
2679.201 1484.3059
2774.4067 1487.59
3085.226 1484.8557
3089.4 1486.4
3157.4158 1483.5328
3203.5 1486.5
3909.0 1486.0
2061.1838 1490.0906
2075.389 1489.8511
2087.5437 1490.6598
2101.0505 1489.5579
2113.9055 1489.1309
2738.0 1487.0
3146.5 1488.5
3165.241 1487.1691
3267.197 1486.1494
1732.9076 1493.3394
1812.7445 1491.4552
1879.7488 1490.5426
1899.0 1490.0
2783.3535 1486.6967
2870.8733 1493.6514
3310.5881 1490.9412
1689.0667 1497.0286
1746.093 1492.6702
1797.1323 1492.5308
2129.848 1489.5942
2683.0 1492.0
2893.285 1492.147
3050.2349 1489.9865
3396.0886 1492.1162
3567.0 1491.5
3593.7375 1489.167
1745.5067 1492.5697
1763.1799 1492.1594
1773.0569 1494.537
1786.5627 1493.6711
1839.9332 1494.4558
1866.8888 1491.2648
1908.5 1495.0
2048.299 1491.6469
2061.1814 1490.0931
3554.701 1492.2202
3583.5 1494.0
1650.1361 1493.2103
1715.5579 1493.6486
1826.1261 1493.6892
2520.5476 1496.8722
2857.5771 1501.6195
3174.0754 1493.2819
3387.8823 1494.0312
3900.0 1496.0
1761.0 1498.0
2340.5417 1500.7789
3183.2053 1497.877
3484.6929 1498.4037
1881.0 1500.0
1908.0 1500.5
2276.7124 1501.3923
2282.9133 1502.3988
2329.1506 1500.6846
2362.4607 1499.9404
3403.2058 1499.3053
3429.92 1496.6294
3701.5854 1499.3007
2049.6616 1505.6898
2137.1064 1505.8158
2177.2625 1505.4725
2184.734 1505.4397
2226.3289 1504.5995
2234.4531 1505.6406
3317.8171 1505.5123
3574.6187 1500.5939
1784.563 1506.304
1810.8988 1507.2529
1825.0126 1506.0234
1863.369 1506.9855
1993.421 1504.8948
2031.5098 1507.1897
2081.0 1504.0
2086.3955 1504.9786
2112.611 1506.1531
2857.5745 1501.6218
3036.497 1506.3234
3586.0227 1503.7317
1651.1311 1507.8362
1718.6156 1507.1812
1734.4194 1506.1307
1796.7926 1505.0872
1852.4491 1507.6293
1883.5059 1506.4471
1895.3264 1505.9508
1909.7864 1508.3025
1939.6447 1507.3481
1945.5 1505.5
1988.0974 1507.9901
2362.5686 1507.3032
2783.8105 1503.7512
2835.806 1514.9451
3171.1208 1502.9917
3193.42 1504.8225
3214.1924 1506.5698
3723.3892 1505.2344
3736.047 1506.3857
1688.1705 1510.8663
2184.7344 1505.4414
2226.3276 1504.6008
2284.1785 1508.9642
2326.5 1508.5
2940.7815 1508.662
1993.421 1511.1052
2088.0 1510.5
2112.6123 1506.155
2139.0 1511.0
2277.554 1509.2289
2370.0 1509.0
2376.6562 1508.774
3239.335 1511.7648
3709.9553 1505.9689
3721.535 1511.0233
3736.047 1506.3857
1939.6451 1507.3478
1945.5 1512.0
1988.0972 1507.9896
2031.5089 1507.191
2031.5092 1507.1907
2055.0 1512.0
2059.5 1512.0
3184.1667 1515.75
3201.1401 1510.686
3653.265 1507.694
3664.4001 1512.7145
1687.9226 1518.744
1770.9474 1516.4736
1904.2222 1515.3334
1909.7865 1508.3035
2046.8464 1518.5508
2050.0 1513.0
2338.5386 1514.6154
2362.5583 1514.5034
3118.0 1514.0
3156.0 1514.5
3414.6711 1516.5537
1721.5281 1519.2898
1763.0 1515.0
2060.3918 1518.5513
2101.502 1518.5051
2112.74 1517.473
3406.474 1517.8829
1786.388 1520.4733
1795.9171 1521.1193
1812.4384 1518.4635
1857.5 1517.0
1864.4468 1518.6364
2137.7253 1516.857
2843.9263 1528.6227
3077.0 1518.0
3194.328 1518.7382
3649.5 1518.0
3754.175 1520.6823
1647.7496 1522.3634
1759.128 1521.2046
1825.384 1519.3788
1878.9558 1520.1512
3400.7144 1520.7142
3640.4119 1518.2462
3823.8127 1519.835
3908.5437 1520.1769
1733.7262 1521.8677
1840.962 1520.6016
1852.329 1520.5951
1873.0 1522.0
3154.6477 1519.9221
3737.275 1520.0728
1654.0 1524.0
1748.4274 1522.0535
1775.0 1523.0
3179.0 1524.0
3762.5105 1522.4982
2906.6504 1524.1862
3560.414 1526.0177
3833.801 1522.1469
3842.5 1526.0
2337.592 1532.6052
2362.0676 1532.9818
2370.0 1527.0
2376.411 1531.4446
2854.1936 1534.5619
3172.5918 1529.4092
3380.5 1528.0
3402.0 1528.5
2045.5 1530.5
2062.912 1535.5675
2083.1675 1536.7449
2108.7444 1535.9155
2136.9536 1534.7168
3119.6 1530.4
3395.0 1529.0
3417.646 1524.305
1797.5526 1536.7277
1832.0675 1536.9967
1908.8524 1536.6055
2083.1702 1536.7454
2128.5 1532.0
2376.412 1531.4465
3386.0 1531.5
3826.4 1531.6
1647.6053 1537.7418
1671.0 1533.0
1694.3462 1536.4807
1790.1471 1537.0588
1811.5 1534.0
1824.0 1534.0
1855.0 1534.0
2074.4 1535.08
3154.697 1530.1361
1687.7126 1536.0139
1865.3862 1536.799
2054.761 1534.9816
2131.2524 1537.5764
3159.8562 1536.4324
1665.89 1539.7749
1669.2793 1538.8234
1707.7025 1539.6351
1753.1051 1538.8574
1804.3 1539.0
1892.8351 1537.6216
1892.8368 1537.6218
2039.0 1538.5
2083.1697 1536.7452
2901.6072 1540.2627
1707.6998 1539.6346
1753.1024 1538.8566
1844.6211 1537.6833
1851.4 1539.6
3309.6235 1539.3558
3155.2107 1541.7662
3191.8145 1544.1716
3405.7678 1539.9392
4014.4795 1545.312
4140.82 1545.2279
2912.5486 1543.3442
3170.6836 1544.2755
3257.3203 1545.2495
3414.0 1546.0
3822.9219 1545.0353
3887.8948 1545.875
3951.2344 1545.9867
4075.382 1546.0056
3265.0 1548.0
3474.4082 1547.1865
3503.0 1547.5
3528.7168 1545.9485
2954.4697 1546.9182
3179.548 1548.0934
3390.3196 1546.0356
3156.0 1552.5
2226.9392 1557.6067
2234.0 1558.4286
2277.6155 1554.2867
2284.3572 1554.4286
2329.313 1554.1378
2329.316 1554.1364
3255.9524 1554.0476
3951.2485 1553.209
1752.9285 1559.2255
1796.2329 1559.5885
1804.3186 1559.3297
1843.4528 1559.3336
1851.058 1559.6511
1891.9554 1558.3683
1898.4 1556.4
1939.9247 1558.3306
1945.0 1556.5
1986.5865 1558.7853
1993.1052 1556.579
2031.2775 1558.9889
2039.0306 1558.7219
2082.7346 1557.0803
2082.8755 1556.4575
2127.4885 1558.43
2135.4426 1557.9625
2177.1045 1557.8402
2185.1052 1555.579
2341.6138 1557.2449
3233.43 1554.8491
3266.0 1555.0
3415.384 1557.1525
1670.4484 1559.71
1704.5411 1559.4148
1712.5391 1559.802
1752.9277 1559.2225
2850.0 1558.0
3228.0 1558.0
3302.9521 1556.7645
3302.952 1556.7656
2284.0356 1562.0358
2326.5 1561.5
1891.9554 1558.3683
1898.3334 1563.1666
1939.9247 1558.3306
1945.421 1563.1052
1986.5865 1558.7853
2031.2773 1558.9921
2080.4 1562.4
2087.5789 1562.8948
2127.4883 1558.4309
2135.4426 1557.9645
2177.1035 1557.8424
2185.0 1562.1428
2278.9014 1562.7549
3190.5386 1560.0952
3227.0 1562.0
1704.5403 1559.4155
1712.54 1559.8036
1752.926 1559.2222
1757.6 1564.4
1796.2323 1559.5895
1804.3197 1559.3302
1843.4524 1559.3346
1851.0562 1559.6522
1993.5 1563.5
2039.0332 1558.7217
3053.5183 1563.9071
3160.667 1561.2555
3231.5 1563.0
3363.2385 1563.065
3301.7305 1565.8032
3379.2126 1566.8333
4014.753 1564.4373
2083.51 1573.0172
3385.6582 1566.0634
608.17114 1571.6821
1893.0856 1572.2683
2128.9 1573.0146
3820.4631 1571.0267
3828.1956 1571.6217
3897.1843 1572.1316
3933.6394 1570.2404
3945.2869 1570.3928
3952.325 1570.6968
1749.0 1572.0
1805.0 1571.5
2136.2664 1572.8674
2531.1204 1570.86
2768.708 1570.8118
2911.6667 1573.1666
3670.1438 1573.2185
3810.6104 1571.9766
3838.0947 1570.3163
3862.6025 1571.8535
3881.3083 1572.3099
3916.4722 1572.5278
3987.8242 1570.0632
1713.0 1573.0
1852.0 1574.5
1893.0885 1572.2667
2058.4353 1571.9537
2083.5093 1573.0168
2083.514 1573.0203
2114.1194 1573.0575
2338.1428 1574.0714
2363.3142 1572.058
2385.0142 1571.8456
2520.1975 1571.4714
2995.4937 1569.9866
3232.8508 1573.3119
3241.4636 1572.7767
3445.3826 1569.6454
3732.2812 1573.1967
3775.6099 1574.9512
3845.8306 1571.4193
1665.4528 1574.101
1703.6 1575.4
1907.6364 1574.0835
2040.0 1575.0
2046.6422 1572.162
2099.743 1573.6035
2122.0 1575.0
2852.082 1576.2517
3188.2505 1577.5056
3349.8657 1578.6602
3719.8984 1573.5107
3766.8777 1573.5801
1682.2832 1575.0322
1753.0634 1577.9745
1798.948 1578.1403
1804.091 1578.909
1844.5275 1579.3396
2910.0 1578.0
3170.4211 1577.8948
3177.0 1578.0
1731.5 1580.5
1753.0635 1577.9772
1813.0 1580.5
1822.5059 1580.8643
2364.5 1579.0
3754.0 1579.0
3777.0186 1583.2037
1712.523 1580.6423
1721.0 1581.0
1822.5072 1580.8647
2063.0 1581.5
2101.854 1586.2936
2114.3696 1588.281
3786.271 1583.8948
3901.0417 1583.2916
2966.6792 1583.9757
3168.5 1583.5
3653.5452 1584.465
3757.7542 1584.3951
3839.0632 1582.7244
3847.5 1584.0
3912.0 1583.5
3934.009 1582.5942
2039.5 1586.5
2049.6733 1600.1765
2337.0 1587.0
2520.0593 1585.971
2835.1096 1595.8774
2879.3293 1595.8451
2899.3335 1588.5847
2910.0 1585.0
3646.6667 1587.0
3741.3762 1584.3184
1713.2484 1589.1151
1785.5516 1588.218
1821.8422 1588.2258
1827.7142 1588.7142
1838.3792 1588.4669
2080.0 1588.0
2137.7075 1587.2424
2363.2856 1587.2008
2531.3906 1585.573
2611.9404 1585.4202
2752.7517 1585.2233
2752.7527 1585.2227
2824.0608 1587.1731
2848.6746 1589.7025
2927.163 1590.6976
3006.0 1588.0
3301.372 1586.3489
3670.3123 1595.0635
3724.0 1587.0
3761.0 1587.5
3997.094 1587.5331
4008.0518 1587.5553
4022.6765 1585.7598
4035.6667 1587.4457
4044.5862 1586.6519
1739.0192 1589.8154
1903.2858 1590.2858
2063.8489 1589.1937
2740.974 1589.9307
2804.67 1587.436
2996.235 1592.7283
3373.185 1590.6334
3635.2822 1589.1145
3768.5317 1590.1205
1879.664 1589.318
2927.164 1590.7012
2956.437 1597.3602
3163.4084 1591.022
3238.007 1594.2054
3465.6482 1587.9937
3650.08 1593.28
3792.6804 1594.7498
1679.3077 1591.8322
2071.4382 1592.2313
2091.4736 1596.8158
2362.1963 1605.8566
2787.0 1593.0
2859.6667 1597.4912
2972.5188 1596.642
2972.5188 1596.6418
3184.0 1593.5
3390.5 1594.5
4002.0 1594.0
2823.7605 1606.5192
2898.4 1595.4
3044.2708 1596.3188
3458.5405 1596.6627
3688.5608 1593.7755
3972.5437 1598.9852
4008.1885 1600.9818
2073.947 1601.0914
2111.1553 1600.7678
2117.0 1598.0
2890.303 1599.4934
2972.5193 1596.6422
3403.325 1597.6257
3403.3262 1597.6265
3642.8708 1598.9032
3753.1016 1601.8695
3821.0 1598.5
3848.594 1600.4291
3903.0 1598.5
4059.0 1598.0
2123.2996 1601.2512
2137.6194 1600.3478
2337.0 1600.5
2521.465 1604.0465
2731.0 1600.5
2748.5044 1600.2068
2784.6592 1600.8899
3654.3098 1602.8733
3775.5225 1600.586
3839.5 1600.0
3880.4983 1600.5007
3898.0 1600.0
3913.0 1600.0
3988.5 1599.0
3999.0 1600.0
1827.0 1603.0
2759.305 1600.1116
2988.076 1603.9613
3680.292 1602.3589
3769.5 1601.0
3783.5 1602.0
3798.9907 1601.0073
3935.0364 1599.5719
3947.4907 1604.821
1820.2 1606.5
1837.3129 1603.2926
2530.4014 1610.3303
2594.6636 1604.7534
2612.9272 1605.4409
2759.2734 1599.2614
2773.621 1604.7119
3156.428 1607.8324
3313.2869 1604.1335
3645.5264 1603.579
3811.4817 1605.9941
4026.3186 1601.7051
4043.5383 1602.5411
1740.0 1605.0
1852.5 1607.5
2728.7046 1609.1482
2844.2346 1604.0614
2978.0 1605.0
3006.5742 1601.4404
3392.158 1607.1746
3789.4 1606.4
3822.0 1605.0
3841.7236 1609.441
3909.942 1609.3982
3989.3447 1605.3995
3997.8777 1605.7844
4144.329 1605.219
1711.6886 1611.9943
1909.749 1612.0508
1937.6938 1610.9823
1945.1666 1608.6666
1985.6132 1611.3102
1988.6489 1606.6671
2028.7468 1610.4177
2028.7561 1610.4103
2138.6643 1611.2367
2176.3813 1610.9487
2184.8948 1608.421
2226.4297 1610.7446
2234.1428 1608.1428
2278.2024 1610.9364
2284.4807 1611.3846
2329.1995 1606.1536
2334.0 1611.5
2563.7256 1610.4072
2576.35 1610.3447
3131.8408 1608.5197
3718.011 1604.0787
3770.0 1607.5
3784.0 1607.0
1736.5114 1611.9603
1736.5114 1611.9604
3354.0398 1608.2623
2821.0 1612.0
3723.0427 1617.4957
3751.9263 1612.11
3797.9634 1611.3315
3841.724 1609.441
3907.5789 1615.4474
2176.3806 1610.9501
2185.4211 1615.1052
2226.4287 1610.7462
2234.4211 1615.1052
2278.2012 1610.943
2326.5 1615.0
2521.6553 1616.4138
2530.4014 1610.3304
2550.6619 1610.1437
2563.7263 1610.4073
2576.35 1610.3448
3266.7695 1612.099
3385.0 1614.0
3435.4736 1613.1251
3768.4524 1614.8862
3778.688 1611.3657
3822.5 1613.5
3935.356 1609.2177
3944.5188 1609.2032
4018.4553 1612.8239
1711.6887 1611.9952
1738.4783 1617.4783
1842.3103 1618.4138
1850.2686 1616.375
1909.7489 1612.0508
1937.694 1610.9822
1944.5908 1611.3038
1985.6124 1611.3102
1993.4 1615.6
2025.6 1615.6
2098.0635 1616.5154
2137.3 1618.2
2801.7505 1616.3196
3814.0908 1616.4546
1826.9069 1616.4708
2114.1003 1619.7124
2881.443 1619.5194
3128.1133 1617.1472
3144.7615 1615.4008
3187.804 1614.2522
3292.0 1617.0
3337.7683 1615.7526
3392.9788 1617.4069
3936.5957 1617.9181
1850.2686 1616.3749
1866.8506 1616.8357
2086.1257 1620.4237
2127.614 1618.3414
3265.0 1620.5
3274.0 1620.5
3679.601 1632.5792
3778.0 1619.0
3865.157 1618.7417
3985.765 1631.7435
4042.7358 1627.195
4057.5063 1630.572
2045.4166 1622.0072
2596.6987 1622.06
3218.5293 1620.3358
3344.3857 1622.5681
3377.7947 1621.4144
3436.5837 1618.4623
3692.515 1619.8439
3763.0 1621.0
2097.488 1625.5721
2613.9712 1623.0674
2768.0 1623.5
2783.2424 1624.9008
2834.0894 1632.9042
3422.8918 1624.101
3723.153 1626.6198
3756.44 1626.2333
3813.8667 1624.6234
4011.519 1624.313
4019.9458 1625.7263
4027.253 1625.7192
2608.0 1626.5
2959.291 1625.9545
3741.094 1630.906
3974.9 1627.0
3998.396 1626.3745
2045.5258 1629.4965
2073.198 1631.5471
2596.699 1622.0599
2710.9707 1628.4052
2767.0713 1630.1891
2864.0 1627.5
3577.4114 1625.154
1823.2139 1631.167
1839.2869 1630.3013
2029.4962 1630.2379
2125.1326 1632.7455
2137.442 1629.7435
2520.5884 1631.605
2869.672 1634.2437
3112.3337 1630.0186
3729.0 1631.5
3905.4 1632.7
4019.9446 1625.7268
1711.6097 1632.5725
1737.8344 1632.7072
1823.2074 1631.1691
2058.9805 1631.843
2058.4336 1632.7731
2073.1982 1631.5463
2985.5466 1626.8954
3112.334 1630.0214
3148.776 1629.4224
3691.83 1635.9823
3841.0 1632.0
3850.2856 1632.7142
3936.7102 1630.3868
2072.665 1635.8977
2086.4617 1632.4844
2115.137 1635.2616
2596.5586 1635.2438
2613.8486 1635.1279
2866.493 1649.6017
3160.465 1638.2098
3421.6362 1632.711
3652.3564 1635.1266
3769.938 1633.8574
2362.2893 1635.863
3813.254 1633.6865
4011.889 1637.8672
4021.0 1636.5
4028.1018 1638.9137
4042.9822 1638.0732
2052.847 1640.265
2072.6653 1635.8981
2753.751 1638.6555
2753.757 1638.6525
2854.6907 1636.3793
3264.9087 1639.4835
3700.0 1638.0
3734.203 1638.8359
3970.9841 1641.4829
2596.5583 1635.2437
3053.2063 1639.6986
3436.751 1637.3523
3998.9053 1639.49
2066.0298 1645.8711
2766.717 1645.2264
2884.0 1642.5
3105.4636 1643.2992
3583.474 1643.4247
4021.5 1642.5
4042.9824 1638.0732
1868.5886 1645.4551
2127.245 1644.0823
2137.3882 1644.3223
2337.0 1643.0
3146.9119 1641.1348
3181.8523 1643.2537
3642.7385 1640.875
2094.6523 1646.8198
2103.0642 1647.9349
2119.818 1650.0101
2520.445 1647.3936
2596.8635 1648.1602
2612.8303 1647.3817
2612.8306 1647.3818
2830.434 1650.9042
2902.0 1645.5
2998.63 1646.8538
3121.461 1649.4314
3418.8818 1647.8546
3719.47 1644.0057
1737.455 1646.7758
2046.3783 1646.672
2060.0 1648.0
2126.0 1648.0
2577.9993 1646.4935
2892.3684 1648.9683
3655.594 1652.4487
3724.0 1647.0
3736.4333 1649.3732
3905.1667 1649.3334
3987.3667 1651.75
4044.4146 1652.2482
4063.6702 1651.0813
2880.4783 1649.9131
3133.4 1649.4
3332.5974 1648.6877
3393.508 1644.1655
3758.5476 1645.1039
3769.7834 1650.3617
3883.3464 1649.0333
3916.0 1650.0
3999.63 1652.7834
4012.5833 1650.8246
4022.1765 1652.8235
4029.479 1652.2515
2757.7683 1649.0164
3389.4 1652.4
3432.0547 1654.0679
3523.885 1649.24
3676.0 1651.0
3971.7136 1652.4365
2824.8665 1661.4607
2842.094 1660.4315
2893.0317 1649.352
3185.367 1651.6816
1868.4 1657.0
2051.2224 1657.9738
3438.85 1656.45
3729.0 1655.5
4056.5 1656.0
4063.6702 1651.0815
2596.6248 1660.074
2608.0 1658.3478
3583.1013 1660.4447
1710.2391 1662.5651
1731.4 1659.4
1736.8135 1663.0514
1821.7917 1662.8604
1936.7671 1662.8774
1944.5 1660.0
1985.0001 1662.6006
1992.8948 1660.421
2029.4454 1662.5157
2136.7893 1661.3739
2176.12 1661.9442
2184.3706 1661.7714
2226.567 1661.6487
2234.8572 1659.8572
2279.016 1661.7766
2284.5 1660.0
2328.5308 1661.5808
2334.0 1660.5
2521.4229 1663.488
2530.6816 1663.5299
2550.9202 1663.6432
2614.877 1660.1505
2784.5938 1663.5592
2870.0 1660.5
2880.0422 1663.6819
2960.0 1659.5
3165.0667 1657.8391
3228.447 1662.7704
3778.0 1661.5
2562.362 1663.7605
2577.0876 1663.7551
2767.7295 1663.7155
2894.5547 1663.5837
3130.7085 1662.4742
3583.1023 1660.4446
3624.1472 1660.6947
3674.2483 1658.8842
3745.777 1668.8577
4021.5212 1663.4247
4030.4346 1663.688
4044.636 1662.4092
4059.342 1661.3506
601.83044 1666.6508
642.8516 1667.2843
3113.715 1663.9226
3385.673 1667.527
3435.0 1663.0
3540.4832 1666.0056
3557.6309 1663.3492
3729.578 1666.9049
3758.4985 1667.6904
3844.5713 1668.9426
3912.6987 1668.4814
3977.5 1664.5
3985.8723 1661.461
4002.9749 1663.181
4044.6365 1662.41
1710.239 1662.5653
1736.8146 1663.0533
1936.7671 1662.8776
1944.6666 1667.0
1984.9956 1662.6014
1993.421 1667.1052
2029.445 1662.5157
2176.1196 1661.9457
2185.5789 1666.8948
2226.5657 1661.6494
2234.5789 1665.8948
2279.016 1661.7761
2284.6 1666.4
2326.4211 1666.8948
2521.423 1663.4889
2959.5476 1666.4938
2965.2048 1665.5695
3158.261 1667.6129
3424.0 1665.0
3484.716 1666.3547
3566.0 1668.0
4141.3154 1665.6473
828.94324 1667.4336
1731.5 1667.0
1821.7924 1662.8612
2106.2622 1663.3499
2138.5 1667.0
2530.6816 1663.5299
2539.0 1668.0
2550.9204 1663.6444
2562.3625 1663.7618
2577.088 1663.7559
2596.8535 1682.2452
2768.7937 1672.33
2838.0208 1679.431
2758.7483 1667.9117
2867.534 1674.478
2983.7637 1673.7389
3594.4905 1668.6989
3675.245 1670.8674
3758.4993 1667.6918
3778.903 1668.5511
2608.0 1672.0
2615.5413 1670.8132
2786.5112 1671.9851
3248.5674 1669.4474
3329.4216 1671.1602
3588.0 1671.0
3797.4744 1668.3275
3814.1409 1668.1234
3823.0857 1668.1854
3844.571 1668.9424
3884.2004 1668.4508
3912.7046 1668.49
3939.7031 1669.6471
3948.2925 1669.969
4046.3152 1681.399
4065.1414 1679.8561
1878.7513 1674.219
2043.3077 1674.221
2116.0 1674.0
2748.4436 1672.6942
3392.0715 1676.6072
3420.1255 1671.699
3464.4683 1671.4655
4023.4595 1677.8379
2107.6274 1675.6926
2520.722 1677.463
2781.0 1676.0
4030.6636 1679.4784
1905.3737 1675.8843
2333.079 1675.0999
2578.492 1677.1547
3010.905 1676.4669
3298.55 1679.467
3404.6 1677.6
3584.8115 1680.1946
3654.8115 1680.6879
3737.7322 1684.5243
3342.1 1680.05
3419.6821 1679.309
3439.0 1679.0
3701.1392 1682.8237
2608.1052 1683.1578
2614.6174 1682.7096
2774.2773 1684.8092
3148.577 1681.8187
3446.2734 1677.7236
3465.2554 1683.1311
3671.3635 1682.3182
3781.5752 1682.5682
3908.25 1683.0
3278.0 1684.0
3584.8118 1680.1951
3625.2822 1684.6819
3719.555 1683.9352
3751.2576 1684.6462
3787.6 1684.6
3844.0 1683.0
3853.5 1684.0
3918.0 1684.0
4031.5557 1684.7778
3465.256 1683.1307
3691.9753 1683.7451
3951.6714 1683.9749
1710.1625 1688.624
1728.0 1688.5
2044.9863 1689.1831
2335.6904 1690.0836
2755.6836 1687.0337
3127.5188 1686.8868
3135.5 1688.0
3143.2068 1689.3976
3401.2002 1688.8444
3675.12 1689.971
1818.8342 1689.2855
1835.4948 1689.7107
2105.7422 1690.4358
2882.7173 1697.9288
3338.3376 1687.3778
3401.2014 1688.8431
3522.0 1690.0
3783.0 1691.0
2335.6907 1690.0836
2363.119 1691.9443
2520.7183 1692.3273
2578.5151 1692.1064
2774.6902 1696.2228
3447.0244 1692.1111
2608.742 1695.742
2615.602 1693.9943
3415.3054 1693.4608
2755.4026 1695.6271
3238.7346 1694.4479
3624.3152 1697.1843
3658.054 1695.2213
2039.0 1698.0
3420.3228 1702.7296
3693.2188 1697.875
3759.9578 1701.8237
3909.3447 1700.5862
2831.2446 1702.388
3146.8647 1703.7561
3674.1448 1699.2302
3787.4 1699.4
3951.624 1699.5698
3231.4949 1702.5764
3794.0 1701.0
3854.0 1701.0
3984.1667 1706.098
4003.976 1703.0214
4014.7778 1702.28
4061.0 1701.0
4067.251 1700.4092
1709.7448 1704.0592
2105.043 1705.0131
2597.4797 1707.2833
3420.323 1702.7291
1736.3411 1703.9994
2521.0337 1707.4681
2578.4119 1707.0588
2597.479 1707.2842
2613.7632 1707.7534
2843.2507 1717.7975
2868.903 1708.1396
2911.9348 1707.8452
3244.8015 1704.2383
3795.453 1707.6763
2336.5532 1706.4052
2901.6365 1709.5
3696.7632 1706.0929
4043.5 1707.0
2586.0 1710.0
2882.3743 1708.5898
3467.7678 1708.1704
1709.629 1715.3619
1735.2097 1715.1187
1821.6464 1716.1727
1944.0454 1713.091
3127.116 1711.3169
3704.4 1712.6
1848.5939 1716.1707
1888.579 1716.0186
1896.0 1713.0
1936.092 1715.5576
1988.4388 1712.1426
1988.4403 1712.1431
2028.726 1715.3308
2038.6 1713.6
2105.0952 1718.1882
2105.096 1718.1892
2127.6382 1717.5646
2137.5784 1716.301
2176.1052 1716.4089
2183.8462 1716.1785
2226.3892 1716.2557
2234.8572 1713.8572
2279.8662 1712.6658
2284.9092 1713.9546
2329.2358 1713.087
2532.8604 1715.3906
3206.479 1709.6978
3639.7927 1716.8943
3694.0 1714.0
2337.0 1715.0
2521.2239 1716.1493
2550.3696 1715.8995
2565.354 1716.2172
2585.0 1715.0
2597.0 1715.0
2613.4724 1716.6041
2900.617 1716.4062
3450.4463 1715.5565
3762.0432 1714.9606
3846.0 1716.0
3910.0 1717.0
2769.3645 1717.8334
2781.3928 1717.843
2882.811 1722.4291
3209.2856 1720.4928
3232.4387 1718.0797
3330.3005 1718.2843
3434.5833 1717.873
3675.1028 1715.5594
3721.991 1716.7126
3952.683 1716.5326
3976.6023 1714.2777
3997.372 1718.2593
1709.6292 1715.3644
1736.7826 1720.6957
1821.6462 1716.1727
1821.6483 1716.1732
1848.5945 1716.1718
1888.5789 1716.0194
1936.0918 1715.5583
1944.5 1720.5
1984.6 1720.6
1993.4 1720.6
2028.7274 1715.3322
2039.0 1720.0
2105.0957 1718.1892
2176.1042 1716.4114
2183.848 1716.182
2226.4285 1721.4286
3161.6174 1718.4055
3981.4 1720.4
2024.5 1721.0
2127.639 1717.5654
2137.4 1721.6
2235.0 1721.5
2280.3037 1722.5237
2285.4 1721.6
2326.5 1721.5
2952.6484 1723.3042
3011.5007 1720.3615
2337.981 1720.7004
2365.0 1724.0
2550.2964 1723.0083
2565.4038 1723.4949
2840.3481 1738.6351
3172.6228 1725.2551
3391.6616 1722.0513
3469.2356 1727.785
3498.2122 1722.2842
3506.7769 1725.0348
3545.6035 1725.7587
3624.5212 1725.927
3847.2866 1727.9714
2523.0 1725.0
2587.8718 1725.0383
2595.5 1725.5
2610.9092 1725.9546
2769.4949 1731.4469
2781.8813 1726.3088
2870.3777 1738.3833
2883.6113 1737.7904
2894.838 1736.7567
2901.1455 1725.5133
3418.052 1724.5276
3616.8728 1724.233
3761.024 1730.258
3912.4285 1726.3928
3996.5974 1725.6339
4005.7712 1724.0608
3399.0 1728.0
3537.0 1728.5
3855.0 1727.0
3919.0 1727.0
2785.783 1731.4497
2860.0852 1732.4852
3209.6863 1731.8242
3411.0 1730.5
3435.6 1730.6
3555.0 1729.0
1724.9978 1734.0485
3255.7302 1729.9938
3339.3755 1732.7592
3761.0293 1730.2638
3847.5195 1732.4949
3911.4004 1732.0784
1676.0851 1736.1277
1685.7916 1736.1002
2102.7556 1735.2883
3138.7932 1733.3706
3229.597 1729.2063
3347.0 1733.0
3470.5 1733.5
3677.3071 1733.6559
3695.1653 1734.7188
3731.0 1735.0
3748.0005 1734.1799
3783.443 1734.5339
3801.3455 1734.6383
3818.8003 1734.3428
3830.5 1734.5
3855.7744 1731.4648
3872.4426 1734.6553
3919.2502 1731.3292
3943.1008 1733.7806
3983.2856 1733.7142
3997.7986 1733.4506
4006.758 1733.8778
4015.794 1734.2906
4049.5095 1731.6052
4064.6692 1731.565
1735.6583 1733.3857
1835.3297 1733.7389
2333.222 1734.6107
3627.0635 1730.7529
3705.897 1733.3541
3889.3584 1734.4072
3952.8054 1731.7366
3978.5435 1738.9135
4034.4912 1736.2509
1652.199 1735.7498
2585.5 1737.0
2593.0 1737.5
2613.7388 1739.3291
3397.739 1736.222
3657.5 1738.0
1856.2008 1738.672
3451.3762 1736.9271
1653.7 1743.4
2592.6 1742.4
2608.4 1741.4
2767.2559 1743.5336
2774.0 1745.2858
2787.0437 1743.4749
2859.0415 1745.4052
3356.0 1743.5
3567.8684 1743.7694
4037.0 1744.0
1823.992 1748.2773
2583.044 1744.8593
2916.3586 1742.4614
3220.1694 1746.6993
3567.8713 1743.7677
2048.4514 1749.8446
2101.5305 1749.6885
2521.2317 1747.7877
3031.128 1752.289
3470.284 1748.8583
1690.4731 1747.2477
2895.6165 1765.1533
3361.372 1751.9458
3626.6172 1748.6283
3675.2068 1749.3156
3763.6313 1749.2567
3848.8591 1749.3523
3910.372 1750.8837
3953.546 1749.831
3983.9321 1750.9584
4034.6519 1752.3787
1673.2878 1751.6328
1816.2751 1747.5887
1878.7854 1747.1697
1888.4194 1756.8151
2612.8752 1751.5068
3317.6763 1754.0878
3724.6802 1750.0221
3921.0 1752.0
3977.0 1751.0
3998.5662 1752.3473
4006.3665 1753.8743
4052.0625 1752.975
4063.5 1752.0
4071.7104 1754.4962
2844.2905 1757.2529
3527.4321 1751.3121
3926.811 1750.7473
3953.5464 1749.8312
4015.573 1752.4482
4026.3967 1753.5616
4052.064 1752.9749
1656.5223 1756.4656
1664.5488 1756.5347
1680.4 1755.4
1687.1123 1757.2615
1707.903 1753.5105
1737.0 1757.0
1742.0 1756.0
1783.5452 1757.3516
1809.0992 1757.6421
2870.7551 1757.6871
2882.8738 1758.3038
3231.7244 1756.3496
1656.5215 1756.466
1749.6499 1763.1224
1792.9623 1757.8331
1816.5 1757.0
1825.0 1758.0
1841.7814 1761.6155
2858.9543 1758.3145
3225.7144 1758.2858
3241.0378 1754.8964
1749.6503 1763.1221
1801.3235 1761.7059
1849.6 1759.4
1887.0 1759.5
2227.9497 1756.6129
2946.975 1761.0352
3268.4546 1756.5051
3276.741 1756.1119
4006.4792 1757.0659
4047.0 1759.5
4054.0 1759.0
2280.099 1756.0182
2286.0 1761.0
3328.4275 1759.4822
1656.0146 1765.6086
1709.454 1766.3474
1745.1538 1767.7141
1754.4 1763.4
1791.0023 1767.4808
1848.4875 1768.581
2028.7072 1770.0868
2039.7354 1764.8235
3374.0 1763.5
3394.2542 1761.307
1886.4525 1768.5638
1896.6427 1767.8799
1934.4149 1768.2965
1945.3867 1768.2146
1984.1782 1768.9208
1992.9257 1768.6075
2100.4285 1766.2858
2107.5 1766.0
2136.8267 1768.8702
2175.878 1769.2291
2184.994 1769.7091
2844.3691 1768.513
2871.362 1768.58
3627.8616 1765.7052
3660.7693 1765.6815
3912.7104 1768.4474
3927.5984 1766.4888
2226.1846 1770.9167
2235.4907 1771.468
3285.0552 1767.2223
3675.407 1766.1985
3764.6196 1765.6719
3849.834 1766.0521
3856.1733 1767.1381
3890.082 1767.2101
3979.6638 1765.1108
3999.986 1764.0623
2859.9927 1769.3108
2977.0 1770.0
3918.192 1773.0038
4036.6045 1774.1332
3025.0 1772.0
3530.423 1773.3563
4056.5217 1773.3478
3263.3884 1773.8934
3407.0 1773.0
3274.8525 1776.8917
3404.86 1772.9656
4049.6199 1782.3551
3749.6594 1778.878
3784.8252 1778.7194
3802.7585 1778.4458
3820.672 1779.0736
3857.021 1779.2239
3874.3438 1778.8424
3892.5967 1777.9025
3912.5 1778.5
3918.1865 1775.0039
3928.9092 1779.0
3955.6033 1780.0286
3980.7083 1778.0552
4000.4373 1779.2817
4018.5327 1779.4813
4064.929 1781.3738
3022.5 1780.0
3661.294 1781.8733
3677.0232 1782.1271
3696.547 1780.2687
3726.858 1781.2677
3733.125 1779.625
3833.093 1778.6205
3839.7004 1780.0785
4008.0784 1779.6505
4071.95 1779.6635
3119.0715 1779.5958
3398.057 1782.7357
3628.484 1783.1831
3645.1462 1781.0631
3707.8772 1779.4753
3779.0 1781.0
3904.4668 1779.838
3965.2078 1780.3198
4029.6638 1780.5078
3265.0 1784.0
3303.4182 1785.4344
3591.3933 1783.5205
3654.0 1783.0
3350.5 1786.0
3500.5 1785.0
3326.4 1789.4
3342.6577 1792.1271
3360.5986 1788.6395
3385.0 1791.0
3438.0728 1791.5493
3651.3916 1796.5487
3395.9622 1792.7168
3897.738 1799.441
3451.2656 1795.8646
3651.3923 1796.5487
3903.429 1797.9672
3387.4443 1798.4445
3428.904 1799.0583
3369.0 1800.5
3318.1335 1801.5216
3349.7195 1800.5345
2878.7866 1803.9246
3356.0 1805.0
3323.0 1811.5
3175.5 1812.0
3418.6565 1814.7274
3358.0 1813.0
3351.0715 1818.5428
3361.7612 1813.4293
3216.6492 1816.3052
3429.6814 1817.9789
3230.2578 1824.6099
3128.1516 1824.9839
3142.9683 1824.4927
3218.3267 1826.0698
3393.1755 1823.5693
3273.4749 1830.321
3045.5742 1826.0538
3273.4753 1830.3207
3372.6973 1833.2583
3334.136 1836.1893
3345.5708 1836.1
2877.1406 1836.3224
3156.0 1837.0
3241.0 1838.0
3271.0 1838.5
3487.467 1837.4027
3027.0 1840.0
3145.783 1843.5925
3209.6064 1837.7495
3347.1428 1843.0
3137.0 1845.6
3252.0 1844.0
2922.1582 1847.1527
2993.1924 1845.312
3391.8127 1844.986
3116.0 1847.5
3145.7837 1843.5933
3200.1687 1849.6085
3300.1711 1848.1676
3383.4272 1847.7432
3055.6174 1848.2214
3244.8555 1850.7167
3322.9917 1849.3462
3146.719 1854.066
3213.109 1854.1962
3228.292 1850.1807
3146.7188 1854.0658
3259.0 1855.5
3135.3928 1856.7306
3361.6082 1855.8871
3104.868 1862.534
3229.9744 1861.6688
3266.5906 1859.7637
3351.5369 1859.7496
3077.2039 1859.0833
3250.4797 1863.3953
3345.5 1861.0
3266.5874 1859.7678
3360.8484 1866.0918
3201.4497 1867.3583
3059.3699 1868.4182
3095.6 1867.6
3077.4893 1873.4054
3229.5 1870.0
3331.99 1867.1558
3140.6643 1870.4412
3209.004 1874.3569
3260.3032 1872.4208
3506.9404 1870.9227
3129.904 1874.2229
3220.5 1875.0
2991.3367 1874.0327
3568.1738 1879.5184
3032.6973 1881.3804
3147.0 1880.0
3209.0051 1874.3568
3224.7039 1882.1637
3242.4905 1879.2771
3351.0 1881.0
3372.837 1880.4257
3225.6038 1887.566
3213.5789 1890.1052
3095.8499 1894.4182
3148.9104 1892.1876
3354.358 1895.9668
3144.3489 1897.3501
3195.5 1896.0
3205.3179 1905.0095
3217.531 1903.943
3252.0 1902.5
3288.4724 1898.3313
3548.4138 1904.6249
3205.318 1905.0092
3205.3184 1905.0072
3304.4712 1904.0027
3260.5046 1908.2135
3309.5244 1905.9061
3279.9812 1910.488
3305.3823 1913.5479
3242.3333 1914.8334
3269.4893 1913.6122
3083.7642 1921.3353
3198.5862 1915.6438
3198.5876 1915.6407
3298.648 1918.3959
3175.7212 1918.6447
3185.561 1926.3467
3003.9463 1924.8054
3371.3853 1927.0597
3221.6624 1927.0897
3191.9858 1928.7037
3140.3333 1936.0
3367.0 1936.5
3150.0154 1934.3739
3238.7292 1944.9966
3133.9348 1947.5569
3203.9028 1945.0924
3214.5789 1946.1052
3363.5 1946.5
3185.0 1947.0
3309.5789 1950.5264
3133.934 1947.5568
3181.2925 1953.275
3208.9448 1955.2615
3230.0203 1957.9366
3304.0 1953.5
3239.4211 1959.8948
3138.6 1962.6
3223.0208 1969.7329
3234.0 1969.5
3239.0 1969.5
3306.9292 1980.7572
3481.71 1993.524
3144.842 1994.6578
3500.6587 1994.2896
3472.1436 1999.3118
3453.869 2001.6881
3189.5881 2007.6086
3435.9717 2018.8647
3435.9714 2018.8644
3442.281 2020.8992
3479.4783 2025.2441
3577.3884 2022.6877
3394.122 2024.5692
3190.6 2028.6
3510.1729 2027.9862
3368.056 2029.773
3431.0 2031.0
3499.143 2028.914
3392.513 2037.6844
3432.9976 2039.3789
3346.0474 2038.656
3480.4807 2035.0614
3515.8015 2049.1584
3431.6663 2050.6475
3417.0 2054.0
3383.5 2059.5
3409.4153 2060.712
3136.7205 2063.8865
3396.7957 2069.629
3454.8772 2064.4534
3336.5 2070.5
3414.2046 2069.3862
3444.1467 2074.5422
3309.742 2075.8943
3472.2476 2077.108
3276.0488 2077.7114
3464.1636 2079.6768
3324.0 2081.0
3413.172 2084.4832
3424.2297 2081.5757
3439.1438 2084.7695
3366.1692 2086.088
3534.1853 2084.52
3543.0 2084.0
3559.2834 2080.435
3218.5237 2083.4883
3287.5266 2086.213
3491.0 2088.0
3232.2324 2090.6455
3390.7603 2094.8015
3444.4253 2092.6953
3468.3804 2099.2395
3499.237 2091.047
3203.1145 2101.5115
3437.2876 2100.741
3267.73 2099.8845
3381.0 2101.5
3490.5 2101.0
3371.0 2103.0
3544.0 2107.5
3367.3708 2108.853
3380.3208 2110.8794
3212.0251 2109.2783
3335.4758 2114.8975
3462.841 2113.6116
3462.8455 2113.6172
3274.065 2120.188
3313.8616 2119.4495
3379.7751 2123.0173
3305.161 2127.9434
3365.5 2125.5
3442.4675 2125.0486
3391.0 2128.0
3169.123 2130.5754
3186.4075 2127.6301
3429.9312 2132.974
3435.0 2129.0
3208.1838 2126.3188
3224.4868 2133.4785
3386.5 2131.0
3391.0 2132.0
3449.0 2131.5
3252.6 2134.6
3377.3186 2135.3218
3336.9827 2134.6826
2827.4165 2139.0603
3231.6628 2138.48
3255.7007 2140.7068
3417.33 2142.4124
3197.0 2143.0
3247.0 2144.0
3225.125 2148.125
3453.5 2146.5
3254.5774 2149.8977
3459.4692 2146.7734
3232.194 2149.6306
3239.429 2149.1987
3215.2717 2152.1333
3498.9343 2159.3066
3374.8845 2158.002
3469.3452 2163.265
3408.0774 2164.8179
3487.0 2166.0
3607.9307 2167.448
3428.2234 2165.2905
3170.5168 2173.4294
3225.4614 2178.6538
3342.4 2177.6
3363.792 2175.1553
3336.0 2181.0
3198.5571 2183.1902
3223.9849 2188.549
3405.692 2183.418
3159.974 2193.7905
3182.1172 2196.1064
3210.4504 2196.3792
3461.4731 2194.8474
3192.1128 2201.4087
3241.7637 2199.5393
3230.0 2201.0
3272.484 2204.102
3180.425 2205.891
3224.712 2203.0708
3237.0508 2209.713
3187.4495 2209.8445
3270.0 2210.0
3282.342 2212.4514
3232.0 2212.0
3212.2097 2213.6147
3372.41 2215.173
3180.6829 2218.7327
3235.3484 2220.9302
3256.6248 2221.5435
3195.4663 2219.6433
3163.1274 2225.4412
3284.3645 2229.1375
3402.7678 2231.073
3208.0 2233.0
3225.9917 2233.6165
3251.0 2231.5
3163.7104 2238.0852
3247.6472 2239.451
3189.9868 2242.057
3197.0 2240.5
3214.4368 2239.138
3372.097 2239.59
3196.0 2245.0
3201.2983 2246.8496
3223.4265 2248.765
3244.1262 2249.3684
3310.0972 2252.9287
956.78705 2255.2515
3345.5422 2257.5564
3243.4 2259.6
3250.5 2260.0
3153.829 2269.7354
3290.0352 2266.5952
3226.598 2263.6743
3243.461 2266.7812
3220.2869 2268.2842
3251.0 2268.5
3267.0 2268.5
1694.4248 2266.569
3290.0 2272.0
3463.69 2268.6648
3161.1062 2279.9512
3202.9866 2278.7937
3222.5 2279.0
3322.0603 2277.18
3387.6208 2282.4316
3286.2004 2279.694
3241.2688 2289.6577
3308.4558 2284.345
3222.7717 2291.2
3170.3833 2289.5042
3204.097 2290.4023
3241.2688 2289.658
3259.5854 2290.615
3447.8506 2292.3901
3222.7585 2291.2231
3296.312 2291.6616
724.3738 2295.355
3221.0 2300.0
3152.7822 2300.2014
3198.8984 2301.1902
3267.1465 2304.658
3183.103 2301.8435
3152.3008 2309.1035
3272.7585 2308.4958
3294.0 2308.0
753.77014 2308.4158
3197.729 2313.4558
3290.3708 2314.7974
3253.2332 2312.848
558.8107 2321.0957
384.81628 2321.705
731.09076 2323.0547
3184.7864 2321.1921
3195.6 2330.6
3182.4102 2334.3936
3277.6443 2332.1045
3182.41 2334.3938
3251.6929 2339.0833
1129.2213 2343.9856
3218.425 2345.381
3157.0 2346.5
3205.5 2346.0
1802.2375 2351.7917
3250.967 2350.3972
941.7362 2353.6733
3250.9673 2350.3972
3199.867 2354.6077
3254.3386 2355.998
3192.5 2361.0
3164.1533 2363.904
3248.0 2364.5
3181.3333 2368.3333
3198.6453 2367.0645
1958.2262 2367.4272
3114.8896 2370.3525
3174.5 2370.5
3245.96 2371.4
3252.0 2369.5
3206.378 2371.509
1853.0 2375.5
1960.6064 2376.5334
3170.3193 2377.0916
3241.5588 2376.9412
3280.0 2376.5
3203.9514 2375.0366
1854.941 2381.4436
3271.6304 2377.8909
3253.5 2382.5
3245.2349 2380.8228
2058.5742 2386.226
3284.53 2387.4468
3168.5286 2388.252
3182.6365 2388.682
3212.3025 2387.4502
3168.5286 2388.2517
3191.4055 2389.4714
3284.5305 2387.4465
3332.6074 2395.2327
1785.4257 2399.3618
2062.5957 2400.5579
1232.4586 2401.8413
1893.0527 2402.9988
2571.2556 2398.636
3160.2305 2407.302
1781.302 2407.6904
2066.5 2410.0
2489.1045 2410.545
1505.4702 2410.5942
2712.1875 2412.1692
385.63028 2417.1047
2478.468 2417.7285
374.55673 2418.8547
2502.2476 2420.503
1103.4045 2423.01
1956.8608 2422.1362
2325.4988 2420.9236
1119.7784 2424.9187
2185.5474 2424.2463
2316.2363 2426.673
1142.2874 2424.7725
1884.032 2426.1665
2022.217 2428.3093
2266.3667 2426.525
3168.7861 2425.9524
1232.5823 2427.6724
313.27182 2430.1929
2618.391 2434.7366
303.2932 2435.5254
1432.5579 2439.5398
2093.4155 2438.7559
2527.2856 2440.8572
2074.5435 2439.4888
1103.3817 2444.9592
1103.3815 2444.9595
2106.7314 2441.3643
2576.425 2442.6135
375.74606 2445.5198
836.1917 2445.8293
3159.603 2443.0437
2834.9263 2450.0615
2304.5273 2451.4417
1438.8925 2456.8218
1449.6218 2457.508
2188.3882 2455.063
554.614 2457.9775
1631.9089 2459.774
1674.0978 2460.5933
1685.3853 2460.0518
2869.9585 2459.566
1851.101 2460.511
2201.0 2461.0
2003.8164 2462.5537
2429.5215 2464.4988
2087.1997 2464.9214
2187.4487 2467.822
2418.7014 2465.9438
2858.4214 2461.6409
1077.5643 2467.7393
2783.2434 2467.1987
1169.0854 2473.7102
2040.3142 2472.8584
1139.7081 2474.4978
2111.9612 2476.8096
2319.4866 2475.3545
2655.0 2475.0
1051.5238 2478.1533
1250.8683 2480.4592
2670.5876 2475.581
1058.5 2480.0
2351.2256 2479.5264
1485.3496 2482.3484
712.1104 2483.496
2173.598 2483.5032
2672.0 2484.5
2676.5 2483.0
3788.5276 2481.2864
2232.0 2486.0
2238.7676 2484.7683
2705.3079 2485.1548
3210.1628 2485.6375
1738.2444 2484.3025
2992.5166 2488.3381
1026.128 2492.6099
2691.9404 2492.3813
3245.3604 2496.427
1083.3943 2497.6072
1173.3607 2495.2473
2675.7556 2498.6067
2933.9175 2500.4734
1403.5 2498.0
2846.0232 2498.247
1026.0 2499.0
1099.7745 2501.6548
1258.3278 2497.3962
2044.5376 2498.0422
2522.014 2498.8625
3087.924 2499.5403
3235.2478 2497.122
2065.229 2500.9355
2271.8865 2500.2625
2486.0 2501.0
698.7727 2503.7878
1512.5 2504.0
1520.0442 2505.0
2879.679 2506.234
3079.7612 2509.1013
3314.8125 2500.8003
1076.9198 2507.838
2057.0 2506.0
2925.0 2505.0
1288.6538 2511.1145
1355.7161 2508.3857
1364.6666 2511.1667
1452.962 2510.8745
2719.2668 2512.5896
3149.6016 2512.386
1668.5 2512.0
2070.3555 2509.724
2483.4004 2510.5527
2923.0679 2514.2603
1448.9362 2517.776
1448.9525 2517.7734
1806.3964 2515.8193
3149.6 2512.3926
1067.1265 2518.4634
1515.0 2518.0
1062.956 2522.264
1362.5247 2516.7095
1473.091 2521.2727
2193.311 2517.5022
2859.3677 2519.709
2948.394 2523.8413
3190.5154 2520.1653
1584.4305 2524.139
2092.5535 2519.318
2416.703 2519.5825
2706.323 2519.1064
3304.4114 2520.5933
3194.6235 2525.4631
1062.9514 2522.2617
1487.4595 2522.6714
1995.0323 2522.6206
2003.7377 2524.9023
2082.7197 2529.7502
1467.7174 2524.2659
1972.7726 2526.9695
2014.3512 2526.7524
2704.1667 2528.25
2879.3892 2526.549
436.24188 2527.1624
1142.4855 2529.0405
1805.9493 2528.2117
1152.2478 2532.9734
1177.8812 2532.8806
1397.3583 2530.3318
1450.8832 2531.837
1818.5525 2529.4055
2193.4353 2535.1548
2744.6292 2528.0217
793.4438 2530.9202
1333.8054 2534.7175
2340.0 2533.0
1458.2667 2542.5112
1531.2457 2534.664
2193.4348 2535.1553
2798.3784 2538.5986
1467.4607 2539.9404
1933.6877 2538.2964
2329.3489 2540.316
2778.563 2541.1816
1982.6 2541.4
2014.2397 2541.1904
1604.998 2540.7976
2117.6697 2540.7905
2255.7988 2541.7803
2702.1982 2545.3406
1223.5 2546.0
1228.5 2546.5
1978.0 2546.0
2314.5562 2545.3274
3048.272 2547.499
1572.5927 2550.1445
1605.2863 2548.1304
2100.4478 2547.5796
2503.3623 2547.2412
1332.3861 2549.7083
1468.0 2550.0
1472.5 2549.0
1565.5 2550.0
1957.0 2550.5
1964.886 2548.0908
2227.4 2550.4
2236.751 2550.2258
2355.8818 2550.593
2875.6716 2551.932
2319.7144 2554.0
2364.8591 2553.924
3109.3923 2549.7363
941.74835 2556.59
1034.1617 2551.4695
1232.0631 2557.0632
2244.5286 2553.8584
2350.5 2553.5
3298.5793 2553.21
1394.2529 2556.415
1967.0 2556.5
2175.6138 2555.8992
2344.271 2557.5916
2344.2712 2557.5913
2763.3503 2554.7766
2417.9946 2556.707
2260.2754 2559.868
3482.0 2562.5
1156.5463 2565.2124
1531.0514 2563.878
1540.5814 2559.9976
2760.6643 2566.6533
3869.645 2561.4504
1464.7961 2564.3235
1603.0 2566.5
2201.5 2565.5
2393.394 2568.3079
3061.0876 2565.452
3151.2026 2567.0237
1245.3752 2568.1277
2706.6138 2566.1597
2794.0 2568.5
3094.627 2567.3154
1245.3759 2568.126
1252.0 2569.0
1857.2479 2568.6611
2201.0 2570.0
3086.0579 2567.4802
1416.9869 2573.4978
1613.8329 2569.76
2216.0623 2567.7163
2275.7197 2571.7861
2582.8748 2577.171
2721.784 2568.4731
2790.0059 2570.3228
2849.247 2571.0513
1217.2535 2571.3086
1925.8867 2572.7778
1942.7596 2571.0566
2135.506 2571.1733
2590.6592 2575.7468
2917.0825 2573.3518
2961.1306 2574.529
2970.5845 2575.1526
1776.5264 2578.567
2574.4812 2577.8706
2081.2449 2578.038
2738.0 2577.0
1028.2734 2579.0735
1592.8356 2582.4434
1639.422 2577.3367
2221.8777 2579.3796
2743.0 2580.5
3606.3213 2581.6528
1087.7778 2585.5
1648.5497 2579.9138
2576.859 2585.3762
2582.8748 2577.171
2792.4 2581.6
3150.0789 2582.5293
1362.3757 2586.0376
1371.5 2583.0
2809.5 2584.5
2899.1157 2584.7878
3189.3264 2585.2266
1251.1312 2587.998
1264.3976 2585.1492
1830.2131 2583.6528
1960.3802 2589.6138
2413.258 2585.8738
3116.5583 2583.978
1002.1103 2587.5127
1179.6211 2585.094
1771.6111 2589.804
2223.0 2587.5
2584.3738 2588.533
2730.0264 2591.253
2755.9155 2587.321
2899.1196 2584.79
3096.098 2589.7927
3106.5908 2587.7754
1068.354 2594.4612
1630.2972 2588.1265
1715.1075 2588.241
1840.2146 2588.0671
2002.4591 2589.3555
2710.4077 2588.0403
2710.4077 2588.0403
2792.0137 2587.2266
2910.5693 2589.8784
1103.9629 2589.7307
1243.6 2591.6
2111.2764 2592.902
2745.0867 2591.6074
2938.689 2592.6646
2984.4553 2593.7146
3084.5408 2593.3955
3115.821 2593.962
3135.0544 2591.872
1523.3514 2596.4487
1960.381 2589.6138
2817.4456 2597.2334
1068.3534 2594.4626
1389.2759 2594.4517
1977.3728 2599.222
2059.0022 2594.4614
2117.041 2600.157
2671.0 2596.0
2803.5454 2595.9092
1217.8086 2596.9263
1947.8868 2601.151
2712.5 2598.5
2744.0 2598.0
2798.0 2598.0
3084.0 2598.5
3141.0 2598.5
1590.5106 2597.5002
1772.0 2599.0
1781.9838 2602.6545
779.2582 2599.3652
1476.1089 2597.7673
1942.1968 2602.6497
2218.907 2599.3206
2744.8333 2602.6667
2774.0 2602.0
3113.4497 2601.2087
3135.0 2601.5
694.8101 2598.2092
700.64856 2603.313
1274.091 2602.3252
1970.0 2604.5
1981.0 2604.5
2000.2012 2603.1404
2016.2932 2604.6309
2242.4 2603.4
2633.0107 2603.12
800.5 2605.0
807.2079 2604.8352
2735.7834 2605.7795
1954.1113 2604.1716
2752.0 2608.0
2914.0 2608.0
775.18066 2610.8513
783.0428 2608.8381
866.407 2615.2473
1063.7678 2614.0344
1265.5454 2612.0
2056.27 2610.2615
2712.9019 2612.0251
3045.9746 2612.1133
3110.0 2612.5
4054.9136 2610.4473
1983.3394 2613.6106
2816.8535 2618.2869
3363.5283 2613.92
2191.0728 2617.135
2953.3965 2612.5881
773.288 2617.2368
872.41486 2619.5554
1063.768 2614.0327
2608.8936 2617.4128
2780.8308 2616.4746
3873.054 2616.4307
689.07526 2618.4204
1505.6743 2622.0022
1949.0 2620.5
3117.4363 2618.5808
1490.7317 2623.0415
1766.4524 2625.6057
1981.0 2623.0
2778.7888 2623.425
2918.0 2621.0
3446.4517 2620.3777
3878.0 2622.0
990.49786 2620.388
1048.4534 2625.4531
2188.8643 2625.5508
3109.0 2625.5
1384.8542 2626.2893
2727.3938 2625.5935
3415.93 2626.1404
3441.0 2628.5
1640.4841 2628.908
1758.0 2629.0
1779.5566 2633.7515
2093.0 2630.0
2355.8127 2627.245
2477.4993 2627.5388
2754.6018 2627.4617
3439.8357 2635.0813
3457.662 2627.0483
1297.0 2631.5
1340.5 2633.0
1774.0 2631.0
2833.625 2634.75
890.62335 2635.7708
1606.1522 2637.987
1627.3468 2634.2046
1756.4443 2636.2063
2728.0 2634.0
3054.6318 2633.0337
3465.4888 2636.4724
642.47974 2634.3867
1589.2858 2636.7144
1903.8531 2637.5098
4083.6348 2633.4597
895.65625 2635.182
1432.0562 2635.335
1756.4467 2636.2048
3453.6306 2639.6216
2215.471 2640.9268
3057.0 2640.0
1464.316 2640.1248
2071.5 2642.0
2094.6387 2644.862
2731.9578 2641.4304
2754.1453 2644.2634
3453.8853 2645.459
995.76886 2643.031
1006.912 2643.0784
1941.4528 2643.7815
2126.212 2642.1885
2140.0 2643.0
2182.8875 2645.9294
2259.9368 2644.259
2403.077 2645.6497
2954.66 2646.0947
3059.97 2649.6145
3418.5146 2644.9836
1458.0 2645.0
1887.0911 2644.7908
1941.4529 2643.7815
2108.614 2644.6035
2731.9495 2641.4434
2738.0 2646.5
3438.3179 2648.7078
692.8201 2645.224
916.74133 2644.7654
975.9187 2646.1653
1887.0925 2644.7905
1976.663 2642.5422
2173.0 2647.5
806.4199 2646.255
1228.6953 2647.4646
1860.0435 2646.5886
1953.2969 2650.0374
2403.077 2645.65
3224.0 2648.5
