2072.1807 1242.6539
1596.4944 576.37164
1592.2233 620.3354
1586.8 630.7
1727.1289 630.82635
1595.1586 639.2108
1614.8367 647.59204
1636.5328 652.077
1766.8444 677.6714
1788.6061 679.9801
1627.4583 686.58936
1752.0 686.0
1595.4114 692.78485
1668.646 693.21204
1578.6519 699.19855
1670.0 699.0
1511.5525 698.32666
1495.8048 706.17804
1520.9415 705.03754
1510.4 706.6
1519.0 706.0
1541.6191 704.36053
1634.6415 711.48663
1617.6841 715.9156
1684.3123 712.26025
1569.6538 721.4231
3438.693 718.3084
1765.8467 724.84906
1454.0033 724.16235
1701.8761 721.2119
3472.4539 723.55347
1463.0 726.0
1717.9833 728.4667
1471.8109 734.917
1717.6 734.4
1724.5 742.0
1486.9513 744.38556
1560.0 744.0
1568.2992 745.73083
1579.6422 742.1738
3490.1912 742.4966
3467.0 747.0
1483.8945 752.8448
3586.9136 750.4281
3696.66 751.71045
3367.8818 757.1274
1288.8799 757.71576
1559.0 764.0
3519.4365 764.3943
3640.8167 765.1579
1188.296 773.0165
3509.6306 778.8395
1481.7653 781.68066
3616.417 779.66437
1585.9464 792.59595
3538.4126 785.7616
1728.2994 790.1447
3465.7273 796.5455
1693.8579 803.7173
3459.0 801.0
3624.5 801.0
4147.3394 800.0475
1633.2943 808.91956
3363.0881 803.15845
3536.7605 807.8401
3588.1052 805.5789
3640.0 806.0
3742.4402 807.67236
3579.3606 810.4189
1719.1299 810.8114
3449.9258 812.98346
3511.874 815.854
3526.1174 811.9962
1564.2526 810.9686
3542.716 819.6392
3589.9502 817.8472
3458.9177 817.5456
3589.9502 817.8483
4145.785 816.45514
1595.6165 822.5847
1623.925 824.9609
1760.0807 823.371
3592.3845 825.0769
1536.5116 821.39923
1552.3239 826.51184
1607.82 829.8395
3597.6465 827.86884
1653.853 829.3246
1672.8533 825.82367
1771.68 828.8
2382.5764 829.4726
3342.5098 825.9316
3564.508 829.0679
3582.0977 827.6386
1524.9172 830.46173
1797.8057 830.789
3533.2468 831.3143
1507.8464 834.05945
3555.0 834.0
3564.508 829.0673
1668.5 837.9706
3324.886 836.9655
3478.0425 836.6322
3498.7144 838.1429
3628.0 835.0
1444.3992 838.82764
1532.0 838.0
1599.3414 839.63416
1635.8046 835.46765
3608.5 837.0
1404.5 840.0
1517.0 840.0
1292.5659 840.22595
1552.9353 840.59064
3617.5 841.0
3672.5 841.5
1670.0 844.0
1507.5 846.0
1501.512 846.49835
1589.0 847.0
1682.1826 852.7261
1633.7667 853.5824
3389.3438 851.84375
3663.847 853.1642
1892.8862 849.8977
2029.6613 850.1349
1311.3196 853.3171
1623.4229 855.7902
3449.2158 851.7522
3569.6428 856.6429
3577.3074 851.5894
3674.239 853.42126
1649.5 855.0
3553.128 855.5247
3813.682 853.3841
1575.0803 861.2822
1587.0593 855.4628
1611.0 858.0
1657.933 855.7397
1679.0 857.0
3499.529 856.98535
1535.7526 862.63654
3581.0 860.0
1630.0 861.0
3398.2578 858.8989
3436.492 858.22986
1581.0 864.0
1666.0 865.375
1675.5 864.5
3563.7234 863.72925
3594.2732 861.99896
1322.3633 866.60876
1575.087 861.29193
2029.4 865.4
3877.247 873.8902
1490.4628 871.947
1634.0402 865.72833
1681.2821 869.8981
1716.3887 870.4215
1756.524 869.22076
3408.8572 873.60455
1356.2981 872.23517
3717.4146 874.7739
3856.9475 876.60004
3862.0 876.0
3877.2476 873.8904
3707.6 877.4
3835.0 878.0
1634.1295 882.3222
1641.0 880.0
1715.5975 878.3187
1789.874 877.4756
3766.8572 879.8571
1547.0 883.0
1709.0624 885.8133
3745.8657 883.6432
1580.175 885.44434
1725.5902 884.4401
3650.5095 889.1845
3672.6711 888.0194
1558.7273 885.54834
3373.9746 891.0877
3440.6716 892.30914
3573.4976 889.2921
3587.6 889.6
3666.5383 889.22375
3524.6538 890.115
3821.6372 896.08026
1736.7482 898.8695
3305.0 894.0
3650.5085 889.1846
1642.1221 894.52203
3603.1428 896.8571
1554.9135 900.9644
1704.0269 896.82074
1726.0 897.0
3431.6226 897.9623
3475.3916 897.1103
1366.2712 901.2931
3628.114 900.731
3670.0 900.0
3826.3333 904.67816
1603.773 897.24664
3394.249 899.58545
3800.9265 899.7803
3806.0 901.0
1585.4438 899.4732
3539.0796 902.274
3574.8208 903.43066
3738.7786 902.41864
3785.894 904.7914
1616.949 905.4065
1901.9215 904.304
3859.815 904.202
3865.0 906.5
3881.691 907.57416
1390.0 908.0
1394.0 908.0
1477.4451 910.161
1609.114 909.2647
1709.4773 909.3736
1934.6984 905.31934
3412.8752 909.2134
2018.1658 908.5126
3398.7864 911.6844
3739.9265 914.29236
1769.9708 911.4237
3728.5251 912.26776
1663.0 913.0
3745.0 916.0
1616.3008 916.34644
1718.0 917.0
3831.2527 917.0433
1466.6396 918.4369
1477.0 920.0
3655.174 918.2731
1668.0 922.0
3480.5 922.0
1591.0 924.0
1834.5 923.0
1840.5 924.5
1457.0 925.0
1505.7493 929.9839
1544.0046 929.4823
1662.754 924.1583
1532.6361 926.736
1759.4968 926.6611
3463.0 930.0
3721.3972 931.5654
1464.0 931.0
3731.0 931.0
1452.4519 928.5345
1629.1193 935.4856
1770.7765 931.6359
1842.9636 935.991
2018.5 934.0
3585.9905 932.26636
3716.8323 929.6133
3753.0 934.0
1463.7026 940.9526
1989.0 936.0
3466.523 939.5884
3551.9177 938.1091
3737.6296 936.12854
1478.6067 936.69904
3474.1133 937.3432
3697.0237 939.30286
1510.6 941.4
1630.5 941.0
1792.6398 943.12036
2071.0566 939.1545
3673.4 942.4
1432.8948 943.5789
1457.3641 948.00146
1464.0 946.0
1735.4972 948.4279
3627.3003 945.6794
1322.2163 947.8134
2016.0 947.0
1575.7667 946.34503
3658.0 950.0
1285.4895 953.4275
1480.0 954.0
1834.787 956.50806
1910.4216 950.8781
1919.3213 958.1695
3656.0 955.0
1669.0 957.0
1713.887 958.43146
1951.0 958.3333
3465.283 957.21936
3550.2136 954.4333
1853.589 960.32983
3752.5151 960.522
1834.7854 956.5077
1958.4375 964.50616
1675.4082 966.08026
3544.7456 966.53986
3705.0 963.0
1819.5 965.0
1925.0 966.0
1937.5 966.0
3424.0 966.0
3568.062 965.62897
1675.4087 966.08026
1946.5 968.0
1993.0662 965.59
3441.5 968.0
1454.4364 971.0855
1502.2562 973.63104
1814.4502 971.67474
1867.6194 970.58923
3447.0208 967.3553
1086.103 970.02
1454.4373 971.086
1858.6697 973.6328
1887.499 971.8913
3598.5344 972.31854
1124.4039 971.2433
1466.4285 974.7524
1685.0084 975.3802
1698.7837 973.8172
1727.0265 974.85315
1739.1333 973.0783
3615.5579 970.6927
1520.0 976.0
1779.0746 977.7461
3839.7244 974.7246
1719.6849 981.7534
1910.999 978.8298
2007.6246 978.73193
1637.7849 978.7087
1118.5 981.0
1812.4 982.6
1915.4519 986.85944
2014.9083 981.24316
2066.4517 981.8356
1399.1726 984.18823
1499.0 984.3333
1507.383 986.4259
1703.614 986.3762
1840.742 986.29034
1848.015 987.4282
3336.686 982.05176
3837.0544 986.04297
1111.7637 981.4901
1895.0006 981.50336
3418.012 989.52686
1119.6069 990.30426
1493.0 988.0
1688.5 987.0
1822.5 987.0
3408.3872 988.04645
3542.2424 994.91547
1231.4572 989.58484
1328.5298 991.854
1507.3828 986.42596
1818.0 990.0
1960.3472 991.8333
1980.5128 990.7297
3727.0 990.0
1637.5 992.0
1782.7184 994.4205
3408.3872 988.0462
1105.0 994.5
1288.5 994.0
1900.0 993.0
1091.844 999.78174
1867.0576 997.2733
1944.2864 998.1604
3379.7383 997.8055
3873.2688 997.2278
1904.7137 997.1782
1780.5264 999.4211
1782.7186 994.42004
1818.1052 999.4211
1825.592 996.29584
1875.0 1000.0
1956.5 999.0
2065.5808 994.85803
2121.5 999.0
3319.543 1001.0857
3379.742 997.80396
1612.4927 999.932
1637.5 1001.0
2034.0 1002.0
2139.4656 1000.5267
3401.0 1002.0
1645.924 999.7128
1796.6069 1008.34503
1886.0 1003.0
2103.3154 1003.5571
3332.468 1003.751
1773.2188 1007.40625
1804.5 1005.75
1816.0 1005.0
1834.0 1006.5
2069.7444 1006.19543
3529.2612 1004.83105
1108.0 1007.0
1503.8572 1009.1429
1589.0518 1010.7175
1860.2548 1005.77026
1887.1403 1010.01556
1671.6436 1010.86365
1808.5 1009.0
1974.7213 1010.76624
3339.457 1007.69916
3400.402 1011.9869
3685.3618 1007.3182
1186.1024 1014.5104
2026.0 1013.0
1186.104 1014.51166
1688.2543 1014.16614
1717.3324 1013.4732
1785.0754 1023.73584
1964.8855 1012.17725
3355.975 1014.8518
1400.5 1015.5
3413.1096 1016.9289
1199.0771 1016.221
1569.0 1018.0
1826.0 1017.0
1972.0 1018.0
1978.4 1018.4
3458.936 1023.20294
1429.6703 1017.8264
1603.0267 1022.70984
1673.3191 1020.27094
1835.6284 1021.7646
1874.7078 1024.474
3377.405 1020.5179
3707.9795 1021.88556
1697.9409 1023.7028
1988.9368 1028.5869
2037.0 1022.0
3481.8 1024.1077
3934.3076 1025.0385
1210.1853 1023.08
1977.0 1023.5
3382.8086 1028.3735
3807.0 1024.5
3676.6309 1029.379
3414.7083 1031.1249
3950.7617 1027.3389
3994.6 1028.4
1863.5 1030.5
2002.993 1029.7272
2053.8235 1025.7288
2096.094 1028.3093
3382.8113 1028.3773
3396.0 1030.0
3486.931 1036.5781
1111.922 1033.2393
1612.5221 1035.5979
1884.0 1034.8334
3442.4033 1032.7162
3775.5 1032.0
3803.0 1031.0
1789.0 1034.5
1798.6 1033.4
1956.6941 1033.787
3455.3894 1034.4672
3781.1836 1032.5035
1854.0718 1032.0913
1874.4865 1038.7838
3486.9316 1036.5768
415.0 1037.0
1801.1805 1041.9904
1815.0223 1034.6279
1995.4 1039.1
2014.2594 1037.7922
2060.2856 1037.2858
1987.3384 1039.3063
2003.6547 1045.4888
2095.6667 1041.4117
3462.5 1040.0
3959.2651 1036.7004
1593.3573 1042.7455
2022.0 1042.0
1545.8201 1042.0824
1604.6099 1044.0204
1670.3856 1043.3738
2425.93 1045.4813
1524.9733 1049.3075
1644.2585 1046.371
1874.0 1045.0
1879.0 1046.0
2108.81 1044.2523
3797.592 1047.189
1467.3209 1045.9999
1613.4 1047.4
1705.0 1048.5
2025.0 1047.0
1695.2882 1053.4805
1710.5 1050.0
1720.0498 1053.095
1858.2875 1052.5319
2112.4004 1050.1049
3315.2122 1051.471
1665.5221 1051.2147
1858.292 1052.533
1959.2781 1049.6177
1482.5978 1053.7943
1653.4567 1051.585
1813.5502 1054.6396
1848.1364 1055.3896
1885.008 1050.1268
2013.8778 1053.3203
3702.3 1057.725
1695.2877 1053.4816
1776.898 1056.8009
1858.2872 1052.5319
1468.0 1057.5
1644.39 1057.3126
1665.0 1058.0
1672.6 1057.4
1960.4797 1062.279
2004.0 1057.5
3558.8008 1060.9436
3830.9175 1056.0559
3895.706 1057.6135
1625.0 1059.0
1660.0 1060.0
1878.2552 1056.0365
3318.3333 1057.3402
1720.08 1062.44
1871.875 1063.25
1934.3773 1065.2083
1945.1371 1063.355
1983.569 1063.6703
2055.55 1060.4292
2055.5498 1060.4293
3357.7407 1059.6823
3737.936 1069.3306
1151.4818 1061.5504
1607.0 1064.0
1675.1207 1067.6929
2018.9725 1064.3209
2031.0724 1065.3734
2103.5186 1065.1254
2103.5186 1065.1248
2150.5693 1064.0028
2150.5693 1064.0027
3874.1562 1064.25
3885.1624 1062.5385
3890.5 1064.0
1493.169 1067.8226
1613.9641 1067.5693
1845.8779 1064.7065
1862.0472 1066.0461
1884.9651 1067.9742
1960.4766 1062.2809
2005.6271 1066.89
2018.9722 1064.3206
2196.547 1067.3086
2196.5476 1067.3047
2244.7808 1068.6602
2244.7817 1068.666
3317.3337 1068.4564
3846.8994 1068.6671
3896.0 1065.0
2031.0708 1065.3792
2058.0981 1073.0785
2290.3918 1067.4518
2290.3918 1067.4517
2337.4548 1070.4171
2337.455 1070.4171
3558.785 1065.998
3824.0 1068.5
1470.4591 1065.4095
1688.4 1071.04
1874.5 1070.0
1989.5 1069.0
2103.5186 1065.1252
2103.5186 1065.1245
2155.5 1071.0
3872.4504 1077.8114
1727.039 1070.2366
1770.9061 1072.5391
1866.2646 1072.8823
1884.9652 1067.9741
2147.5 1071.5
2201.5789 1071.8948
2244.7808 1068.6604
2244.7817 1068.6666
3318.182 1074.2046
3447.4028 1070.7375
3479.4707 1073.4706
3778.5212 1069.7137
3894.3232 1075.1786
1472.7262 1075.5469
1596.5 1073.0
2294.5789 1073.8948
2336.7183 1076.3754
3741.889 1076.3334
3818.1729 1077.8951
3857.6248 1076.7161
3869.074 1074.2593
1182.4061 1074.1465
1523.3112 1077.3478
1681.0 1076.0
1880.6569 1072.5077
1961.8942 1076.8522
2038.9238 1076.6293
2337.4548 1070.4171
2828.4333 1074.3815
3528.5742 1073.9214
3560.3333 1076.9166
1597.0 1078.0
1880.6569 1072.5077
1912.2643 1073.4733
2789.3088 1077.9253
3357.5 1077.5
3732.7268 1077.143
1717.2292 1080.8956
1792.3671 1081.6282
1866.8914 1082.174
3612.4602 1083.4445
3715.0283 1079.5798
3839.075 1081.796
3900.0586 1081.6036
1398.4907 1080.4237
1852.6666 1083.3334
2061.0 1082.5
2832.6 1082.4
3318.1243 1080.3152
3361.5 1083.0
3389.7896 1085.4923
3527.0 1082.0
3833.6104 1089.7096
3926.9146 1084.5953
3992.76 1084.9841
403.47028 1083.8672
462.0 1084.0
1584.6698 1080.8212
1594.0 1084.0
1686.5686 1085.7646
1815.2595 1082.5142
1909.0 1084.0
3344.467 1084.256
524.7326 1084.6052
580.2606 1089.6105
1422.8599 1083.4625
1814.9668 1089.2299
2066.6 1085.4
3337.7048 1086.3379
3344.466 1084.255
3378.3525 1084.4591
3389.7896 1085.4928
3417.2314 1084.2688
3442.3694 1084.3417
1788.1052 1088.579
3560.5286 1084.2719
3850.752 1084.0938
1671.9426 1090.2524
1727.6616 1088.8741
1802.0955 1090.5507
1912.1428 1090.3928
1958.1415 1088.3658
3361.6 1089.4
3641.5 1089.0
3735.6953 1090.2909
3767.0 1090.0
3874.2087 1089.7563
3880.2837 1097.3135
1779.5347 1089.2657
1845.5 1091.5
1903.0 1092.0
3319.4211 1091.8948
3853.0713 1092.1637
3891.1052 1092.579
3932.5054 1089.702
471.7171 1088.0269
1683.1422 1092.9392
1704.6 1093.4
1713.0398 1090.1221
1816.5 1093.5
2005.0 1093.5
3358.6003 1097.9218
3397.6726 1091.3909
3479.6812 1091.2687
3605.5063 1101.5107
3900.3118 1094.0607
3915.2197 1094.6115
1728.0 1097.5
1808.0 1096.0
1945.8324 1099.4635
2075.0208 1097.1897
3840.2026 1096.1254
4105.0 1096.0
1654.4 1098.6
1803.0 1097.0
1825.6321 1102.8787
3575.2324 1106.4175
3899.7488 1099.7161
4137.6597 1097.5593
1184.7117 1097.8909
1608.0371 1102.2991
1719.4 1100.6
1791.6445 1103.2533
1798.9 1101.0333
1964.5 1101.5
3480.4434 1103.5168
3740.376 1105.4546
3870.712 1101.5933
1174.4528 1101.3175
1420.5 1102.5
1687.4813 1103.608
1905.5 1101.5
3321.0715 1099.1312
4105.0 1102.0
3647.9263 1103.1233
1698.6 1105.4
1862.2273 1106.2273
3345.6902 1105.7991
3436.2837 1104.794
3480.4436 1103.5168
3599.1084 1109.8113
3629.9883 1112.8759
3780.0247 1109.2485
1436.8269 1109.8462
1669.0 1108.5
1702.5209 1109.717
1844.0 1108.0
3750.478 1110.7338
3826.6047 1107.3973
1568.863 1111.7595
1628.6428 1110.1786
1892.8379 1110.027
1901.6 1109.4
1912.3711 1109.0896
1914.6381 1112.9775
1970.5 1111.0
3365.7148 1113.4259
3451.3162 1110.2323
3854.534 1111.8578
1614.0148 1111.9503
1674.2131 1113.2316
1738.0 1112.0
1959.9578 1120.3136
1960.1866 1112.4263
2009.0725 1110.5619
2009.0723 1110.5623
2057.3662 1111.911
2057.3662 1111.9106
1143.9856 1111.79
1440.6678 1115.502
1641.8776 1115.2858
1830.4801 1111.9852
1861.7693 1114.5
1988.914 1114.481
2104.9492 1115.25
2104.9495 1115.25
2153.1643 1116.0219
3490.7683 1116.5973
3607.4036 1114.9298
3814.054 1128.2737
3842.9185 1116.3877
3888.59 1114.3762
1795.1212 1117.4849
1802.1428 1118.7715
1889.7727 1117.8182
1913.8734 1118.1825
2153.1646 1116.0221
2198.3796 1118.5509
2203.4211 1115.8948
2242.0588 1120.6471
2245.582 1114.6777
3734.9126 1116.4169
3876.7935 1117.6464
1177.0 1118.0
1535.7814 1118.879
1697.0 1118.5
1770.1772 1116.8188
1784.9286 1120.4286
1811.4 1117.4
1895.3043 1118.0616
1906.0 1117.0
1974.4 1118.6
2013.421 1119.1052
2292.7356 1120.4834
2292.7356 1120.484
2339.1929 1120.7653
2339.1914 1120.7697
3322.3452 1120.7074
3595.3015 1123.5294
3618.7559 1125.7094
3881.8572 1120.0
2061.9092 1120.0454
2109.4348 1120.6086
3351.2126 1119.123
1182.2983 1122.535
1649.5751 1121.6276
1862.6 1121.4
2149.5789 1122.1052
2156.9092 1122.0454
2203.5 1123.0
2250.3635 1123.6818
3499.5642 1124.8206
3567.9006 1134.9302
3608.5598 1123.5972
3876.7944 1117.6486
3963.7878 1122.8268
1813.3353 1126.4952
1830.0 1125.0
2292.732 1120.489
2292.732 1120.489
2339.1907 1120.7693
3303.342 1125.5115
3485.2537 1128.517
3517.9238 1123.5453
3846.5 1124.0
1841.5554 1127.2645
1891.0 1125.0
1985.0 1126.0
2792.1091 1126.6111
2830.9678 1126.1304
3322.1702 1130.7747
3493.8184 1123.673
3830.6 1125.6
1449.0 1128.0
1485.4265 1130.7858
1706.0 1127.0
3545.8994 1128.8239
3710.9966 1124.2333
1749.3545 1127.9524
1961.716 1127.6017
3315.0 1130.0
3347.9297 1129.4694
3377.0 1129.0
3455.3757 1134.0643
3512.669 1135.4277
3843.3333 1130.9333
3864.3462 1130.1154
3874.5 1129.5
3902.4 1130.4
1762.6 1132.6
1861.7272 1131.657
1910.1892 1127.7509
2830.9688 1126.1304
2835.5 1131.5
3405.0 1131.0
3431.4192 1131.3962
3655.5122 1132.16
3879.1814 1134.7056
1662.6454 1135.6078
1692.05 1134.9
3573.5 1133.3636
3790.2207 1132.4949
1839.9175 1138.3381
1899.014 1136.8596
3381.0 1135.0
3481.6528 1138.9735
3879.1816 1134.705
1669.8846 1138.3462
1748.6364 1138.3182
2070.7395 1137.2649
3330.0 1138.0
3583.5242 1139.8248
3657.0 1137.5
3873.7542 1138.7373
3903.4978 1140.7456
337.48892 1142.0919
400.03055 1140.5802
459.50638 1143.2498
468.994 1144.4298
520.51965 1141.6511
527.63605 1141.9801
1482.0 1140.5
1646.7345 1137.5886
2083.861 1138.1523
3304.4 1140.6
3748.9988 1139.0287
4142.5747 1142.2954
584.0468 1140.3513
587.9077 1144.3153
1754.4404 1144.8004
1852.5 1142.5
1911.7678 1145.7678
4109.0 1141.0
1539.9166 1143.6481
3321.6 1143.6
3610.045 1145.7083
3854.293 1142.5311
3884.6 1143.6
3905.6594 1145.7432
1496.0 1145.0
1605.3334 1147.0
1702.7345 1145.8567
3567.4 1145.4
3633.7173 1145.6356
4109.4 1146.6
529.0357 1149.8928
599.6109 1146.6265
1081.6785 1144.5612
1618.0 1147.0
2056.9238 1153.831
3431.2131 1146.0792
3704.3264 1150.4253
3835.8237 1144.6476
3867.9763 1148.1116
3883.0999 1149.763
4145.6 1147.4
460.94476 1148.3059
470.0 1149.5
519.68 1148.8138
589.63635 1150.3182
1492.2618 1154.1613
1545.6097 1149.4086
1566.1233 1148.8141
1582.5 1149.5
1816.338 1149.7272
3495.2856 1151.4286
579.5 1151.5
1106.7462 1155.7024
1605.0 1152.0
1811.4445 1153.5555
1887.8823 1157.8088
3364.4424 1157.3462
3547.4485 1151.428
3804.0 1151.0
3810.1255 1152.7701
3830.2148 1153.3015
1830.4806 1160.0133
1866.486 1150.2985
1931.0 1154.0
3593.607 1167.5591
3616.4187 1154.5072
1636.1526 1153.4532
1686.6987 1152.0789
1722.886 1158.6211
1914.1008 1154.6694
3325.0908 1157.0454
3403.087 1154.6481
3414.7163 1154.8273
3870.199 1153.7533
1517.0 1157.5
1601.0476 1160.4629
1723.5306 1158.6443
2045.1875 1157.284
2131.8865 1158.7368
2154.851 1165.4542
3562.5137 1157.8677
3877.5 1158.6364
1688.0 1160.0
1801.6786 1165.0
1865.5078 1170.43
1928.5 1160.0
1961.5831 1159.221
1961.5839 1159.221
2010.5262 1163.4164
3727.4353 1160.4287
3903.796 1167.4758
1949.8904 1164.4889
1997.7094 1165.0458
2065.6047 1166.2999
2106.344 1162.5002
2123.4 1162.4
3444.174 1168.9147
3505.5 1162.0
3812.3665 1163.5692
3886.6445 1160.4829
1883.1458 1164.584
2032.2892 1165.6512
2103.7322 1168.0892
2154.846 1166.0326
3607.3157 1174.3019
3832.4824 1166.3014
1495.8982 1169.1803
1618.2758 1167.3182
1784.0 1165.0
1854.5862 1168.0
1908.8572 1167.0
1997.7109 1165.0466
2197.5 1169.025
2200.524 1162.2731
2247.4324 1163.5876
2248.2295 1168.757
2293.72 1165.051
2293.72 1165.051
2341.052 1169.3757
2341.0564 1169.3727
3503.0 1166.5
1651.8632 1168.8297
1689.3213 1165.4832
1961.5067 1171.6006
2040.5375 1168.5009
3419.0046 1164.3687
3796.5076 1165.5935
3903.7954 1167.4761
1642.4309 1168.5175
1662.5223 1173.8265
1817.298 1173.1661
1997.7087 1165.0416
2063.8 1172.7
2127.9272 1169.5737
2158.5 1171.5
3783.6597 1170.4966
3869.4648 1170.1691
1478.0679 1175.4344
1919.0 1171.0
2204.9092 1172.0454
2248.2295 1168.757
2248.2295 1168.757
2298.5 1173.0
2341.0518 1169.376
3638.5 1172.0
3850.0972 1173.4652
1478.0583 1175.422
1844.0 1173.0
1914.7388 1179.2521
2795.2852 1175.0186
2834.1685 1170.6167
3324.6064 1174.3052
3366.4194 1176.4346
3837.09 1174.3752
3895.0642 1174.7029
1457.0 1175.5
3379.668 1175.0251
3439.6 1175.6
3905.725 1177.8566
1693.5745 1174.571
1773.6498 1178.8063
1899.0 1178.0
2831.0 1178.5
2838.5 1179.0
3318.0 1177.0
3345.3547 1177.5181
3358.0 1177.0
3400.3518 1176.4735
3905.7249 1177.8566
1447.1052 1179.421
1627.8395 1181.5189
1868.0286 1174.055
1866.9054 1180.9657
1892.0 1180.0
2051.2163 1178.4491
2056.5 1181.0
2107.8196 1178.0057
1859.5938 1184.0316
1914.7385 1179.252
1957.5669 1188.1992
1989.485 1179.6625
2077.4087 1179.02
3634.754 1184.4581
3641.8853 1186.3934
1767.723 1187.3286
1946.5796 1180.656
3627.8264 1192.3959
4109.029 1182.3054
4147.034 1186.6127
1910.579 1185.8948
2013.0 1187.8223
3325.8516 1189.5894
3336.499 1183.5441
3581.5925 1192.7386
3654.616 1180.8202
3856.8477 1186.4388
1510.0504 1187.4283
1654.5168 1184.2773
1815.6119 1187.6401
1916.5541 1189.6915
1976.7229 1189.3124
1622.4 1190.6
2063.8125 1191.3125
2069.0 1190.0
2082.12 1190.2374
2107.4558 1192.228
2137.9768 1189.8914
3366.9302 1188.7972
3391.3054 1192.486
3616.2632 1188.1912
3677.4792 1190.896
4114.5 1190.0
150.548 1191.9211
1734.3025 1190.0009
1804.6 1192.4
2107.4526 1192.2247
2126.4067 1191.9291
3534.4634 1193.9509
4147.034 1186.6097
397.9966 1196.0145
1703.2668 1194.99
1909.9324 1193.4398
2050.6667 1196.196
3602.513 1194.7778
3677.4773 1190.8953
457.30615 1199.3075
467.09232 1199.3971
518.26117 1196.3645
526.7179 1196.5961
579.4563 1198.6387
1703.2653 1194.9899
1931.546 1196.6128
2107.4556 1192.2277
587.1316 1199.5941
1536.3116 1198.5817
1563.0 1197.0
1614.2373 1201.2194
1889.0 1197.5
3328.2937 1197.9774
3616.4575 1200.324
3643.74 1197.9634
3838.5369 1198.5762
3845.312 1197.8386
467.09103 1199.4012
1806.0 1200.0
2017.8427 1202.5592
2088.68 1201.28
2095.29 1214.5898
2110.0698 1208.2368
3366.7922 1203.7786
598.0088 1201.9989
1752.3334 1202.0
1769.8458 1202.7031
1826.5 1201.0
1918.0 1202.0
1959.4465 1202.9285
2042.6229 1205.0051
3310.9944 1205.8098
3328.2888 1197.9796
457.0 1204.5
526.49243 1203.7667
588.8077 1206.1154
1080.6213 1202.0948
1506.5392 1202.6888
1710.675 1202.9823
1844.0 1204.0
1882.412 1204.7358
3408.8586 1202.6836
3605.6177 1205.3529
517.9419 1204.7853
1441.0 1205.0
1644.3755 1205.4489
1861.6626 1204.0619
3366.7917 1203.7786
3545.875 1206.0
578.0 1207.5
1747.0 1207.0
1816.7692 1205.442
1833.35 1212.15
1856.1082 1209.7297
1918.9346 1208.2831
1985.5605 1213.1364
2033.2142 1212.0
3865.44 1207.915
1082.4562 1212.3201
1931.6 1209.4
1940.0 1210.0
3449.3044 1210.2599
3551.0642 1208.2537
1662.0 1212.0
1696.8351 1219.4227
1708.375 1212.0
1789.5 1211.0
1968.0 1211.0
2026.6327 1216.5614
2155.86 1210.4597
2155.861 1210.4619
2201.954 1212.0366
2201.954 1212.0366
3811.1272 1212.1915
1507.2565 1214.8027
1846.0872 1211.2527
1875.5847 1213.5918
2007.3076 1213.7561
2063.5476 1214.5466
2080.5 1214.0
2249.61 1217.5924
2249.61 1217.5924
2295.9827 1216.8018
2295.9795 1216.7927
2342.7769 1216.0228
2342.777 1216.0228
3328.5676 1217.6832
3604.0 1214.5
1656.0 1215.0
1661.826 1219.3695
1812.5 1215.0
1820.7407 1215.8148
1923.2284 1217.757
1950.7988 1215.8905
3849.8223 1220.7372
1552.1989 1217.1293
1777.5588 1215.1589
1799.0 1218.0
1858.1445 1223.3538
1963.5537 1219.4127
1963.5532 1219.4132
2062.5881 1219.6471
2105.5 1218.0
2152.4211 1218.8948
2160.4285 1219.5714
2836.7036 1218.1992
3309.8816 1218.5859
3549.1106 1228.5723
3590.1846 1217.4199
3762.3745 1216.6525
3871.488 1217.2665
1770.3105 1218.3826
1817.555 1223.4022
1851.5714 1220.7142
2206.5789 1219.8948
2249.61 1217.5929
2295.9827 1216.8013
2295.9827 1216.8016
2342.777 1216.0232
2798.0916 1220.7861
2836.7036 1218.1992
3365.2603 1222.9614
3448.6987 1216.8418
1788.8568 1222.1117
2108.7568 1224.657
2130.428 1219.5128
2339.4 1221.4
3304.0 1222.6666
3392.7178 1222.8867
3438.0417 1223.1014
3453.226 1226.8104
3617.3271 1220.359
3818.422 1223.2632
1160.5632 1225.4562
1458.0 1224.0
1547.0 1224.0
1872.0 1223.0
2108.7568 1224.657
3322.0 1224.0
3373.5 1223.5
3397.7368 1224.8422
3805.1045 1222.0103
3818.4229 1223.2649
1426.2583 1226.6237
1741.0 1225.0
1769.1156 1231.7902
1925.8756 1225.6263
2841.0 1226.0
3588.4128 1227.892
3635.4182 1227.9073
3651.94 1232.3707
1571.1769 1228.7196
1772.5093 1230.2574
1960.0 1228.0
3329.8203 1225.8513
3555.0 1228.0
4118.6 1227.6
4152.7217 1230.7518
1872.852 1234.4603
1918.8 1231.875
3794.9412 1230.5883
1433.3433 1232.3632
1813.4 1232.4
1964.5983 1236.3795
2061.7432 1235.0037
2109.6338 1235.7749
3801.226 1230.4509
1467.3683 1234.6477
1649.2444 1233.4683
3310.5 1235.0
3643.5955 1236.1716
3878.4963 1229.9673
4119.6 1234.4
4152.7227 1230.7546
1527.2844 1240.7709
1768.4968 1236.9574
3330.4 1236.6
1449.4702 1237.5507
1467.3656 1234.6521
2085.6575 1240.2871
3442.6 1238.4
1593.845 1236.8986
1882.0 1239.0
1964.5625 1242.9166
2101.0 1240.0
2158.2646 1243.5972
3482.9326 1238.2441
3510.9595 1245.1646
1940.8398 1245.0695
2110.2612 1248.9895
3280.0 1244.5
3285.5 1245.125
3412.0 1244.5
1421.181 1246.1908
1724.8982 1244.1931
1765.091 1246.9546
1861.9011 1249.666
1881.0 1245.0
3520.8174 1244.3181
3541.8892 1252.6296
1950.9255 1247.3276
3331.75 1249.25
3371.1191 1253.7777
1707.2418 1251.951
1737.4456 1247.4865
1762.1741 1248.3506
2104.5 1249.5
3412.0 1249.0
3500.0974 1263.5806
3768.0 1250.0
3812.0 1249.0
394.01312 1256.574
464.46646 1256.4888
516.12775 1253.9045
1544.0596 1250.3248
1647.5 1251.0
1740.069 1254.4828
1864.9045 1247.9645
1916.9181 1254.5737
3855.0 1251.0
405.3128 1257.5358
455.29633 1256.6511
525.0248 1254.4735
578.23627 1255.5103
584.8077 1255.2227
1454.0 1254.0
1505.0 1255.0
1813.35 1255.6
1510.0918 1257.357
1575.9442 1252.4352
1967.5397 1263.0857
2066.5347 1252.6206
596.2152 1259.5541
1643.0 1258.5
1942.6 1258.4
2061.0667 1256.466
2109.0 1257.5
3330.6987 1261.5249
3816.769 1255.614
1459.7205 1258.5405
1576.5555 1264.6783
1681.002 1260.2594
1771.1697 1255.103
1794.9894 1265.2025
1816.1649 1265.988
1858.0 1262.8
1926.6041 1264.6459
1951.641 1261.4615
2115.0 1262.566
3372.9836 1261.2562
394.4 1262.4
405.30972 1257.5392
524.66174 1262.6266
586.96155 1263.4615
1449.0 1261.0
1507.7391 1262.7391
1562.5415 1261.1162
1741.0338 1268.0195
1787.5 1262.5
1824.0 1263.0
1916.3734 1265.7827
3488.1191 1269.8356
3736.1865 1259.8213
515.7903 1262.8182
577.3752 1262.1394
1425.2273 1267.2502
1726.0989 1263.7264
1885.3914 1264.9586
1983.5522 1267.6165
1990.696 1266.6647
2084.744 1265.1172
2108.5225 1262.1714
2157.8013 1264.1608
2158.0195 1265.2616
2200.575 1268.05
2203.4065 1262.3492
3252.9546 1263.909
3414.0 1264.5
1537.0 1266.0
1633.0 1266.0
1773.091 1266.9546
1874.2272 1266.6533
1885.392 1264.9601
2134.7144 1266.2858
2250.7195 1263.0499
2250.7195 1263.0498
2297.5962 1267.2411
2297.5962 1267.2405
2344.8333 1267.0275
2344.8328 1267.027
3267.5535 1267.3036
3736.0 1266.5
1494.412 1271.7057
1680.3334 1269.1666
1759.3267 1265.4623
1807.0 1268.0
1832.9642 1268.0714
1966.6 1276.3655
2099.4478 1266.3762
2122.4 1268.6
1543.0464 1268.1375
1576.0 1270.0
2061.666 1268.4639
2111.4788 1272.8295
2154.4211 1270.8948
2161.92 1271.4
2801.3079 1270.5765
2838.9263 1265.5496
2838.9265 1265.5494
3336.1116 1268.5721
3391.7808 1270.4491
3403.5242 1270.7518
3436.0273 1271.075
1452.0624 1270.2721
1529.2122 1269.9282
1769.517 1276.1934
1866.9589 1269.6304
2009.5 1271.0
2208.5789 1271.8948
2247.6 1271.6
2255.1428 1271.8572
2297.5962 1267.2411
2341.4 1272.4
2349.0 1272.5
3346.9158 1271.3029
3826.0 1272.0
4119.0913 1270.5461
2079.5 1273.5
2844.0 1274.5
3414.0188 1278.151
4156.034 1271.3845
1502.6836 1276.0261
1523.495 1276.3379
1666.421 1276.8948
1752.625 1279.9584
2836.0 1275.0
3831.553 1274.6097
1502.6842 1276.0253
1624.5753 1279.0284
1836.0256 1281.0991
2086.341 1277.6514
3252.9377 1285.3185
3807.07 1281.7944
4100.3354 1275.458
1769.5171 1276.1947
2064.3323 1284.681
3310.5156 1278.8396
3454.0 1279.5
4124.6 1279.4
1483.4924 1279.9884
1861.0 1282.0
2013.0 1281.0
2146.5 1282.5
3807.07 1281.7944
1492.9646 1286.4478
1679.6 1283.4
1869.0 1284.0
1994.7783 1281.4562
3453.036 1284.9445
1418.0583 1287.4009
1795.0 1286.0
2070.7727 1287.2273
2159.0398 1286.1719
3241.391 1287.4319
3272.2124 1283.7898
1538.7682 1287.142
1648.0497 1284.1343
1753.6748 1287.5732
1815.3943 1286.4246
2064.3325 1284.6823
2108.685 1287.0089
3252.9404 1285.3204
1418.0586 1287.4005
1492.9653 1286.4481
1798.5701 1292.5463
1851.6399 1291.8529
1872.421 1289.8948
1965.6503 1292.6257
1975.3375 1287.7476
2015.8591 1288.9279
3498.2957 1295.9296
1863.6666 1291.8334
1892.9187 1291.1818
1902.18 1290.9575
2115.0 1292.0
1548.4183 1296.309
1652.4 1294.4
1770.8462 1294.4615
1999.2941 1295.6471
2014.6315 1305.3497
3239.12 1296.9996
3510.7756 1296.6708
1488.7777 1297.0726
1826.0 1296.5
1851.6406 1291.853
1965.6508 1292.6256
2075.0308 1295.878
3249.3413 1296.2855
3735.472 1296.1195
3752.523 1295.4714
1606.8297 1298.8295
1714.3373 1296.5155
1779.5 1298.5
3291.5916 1295.0447
3314.32 1298.76
3510.7754 1296.6708
1503.3469 1297.3652
1686.4706 1301.5883
1838.7491 1302.3783
1870.096 1300.3813
1989.8737 1302.5774
2110.8447 1302.1464
3238.0 1301.0
3434.3284 1301.6527
3798.4119 1301.0588
3817.592 1303.283
1559.863 1298.2012
1775.9736 1303.3158
1814.0 1301.0
3263.717 1301.2925
3274.542 1301.3734
3285.0 1301.5
3817.592 1303.283
3249.0 1303.5
3303.0 1303.5
3504.4 1303.4
3208.775 1305.7908
3228.7693 1307.5
3268.786 1306.7803
3620.0967 1307.4839
1503.2253 1308.8717
1614.457 1307.0596
1685.5 1307.0
1784.0 1309.0
1851.0 1307.0
1969.8387 1309.3549
1979.2136 1314.4615
3544.466 1307.9331
3805.3474 1309.966
392.65897 1313.4424
462.1743 1314.3561
514.3624 1311.1321
523.41315 1311.2213
1422.7987 1310.7251
1663.6348 1310.435
1676.6189 1309.4769
1722.6 1310.4
1990.4838 1311.4951
3195.0454 1310.2655
3208.7725 1305.7908
3299.7974 1313.6559
3416.4426 1308.4183
452.78976 1314.1964
576.0115 1312.6385
583.8499 1312.5262
1768.5958 1316.4492
1800.1322 1316.2445
2654.5544 1311.0023
3287.8708 1313.7034
3741.0 1312.0
594.2322 1315.327
1428.3523 1313.4736
1555.5437 1315.2451
1729.822 1315.9764
1776.3616 1315.606
1813.1936 1313.742
1823.4595 1314.4515
1867.9469 1311.1604
1867.947 1311.1605
1917.1577 1312.0032
1917.1577 1312.0032
1962.7565 1313.246
2063.2505 1312.045
2063.2505 1312.045
2098.605 1315.9534
2115.5789 1314.1052
2159.3723 1313.3843
2159.3723 1313.3842
2205.2344 1313.4427
2205.2344 1313.4427
2252.6501 1314.1235
2252.6501 1314.1237
2299.2126 1313.333
2299.2126 1313.333
3765.4783 1315.0869
1592.3652 1313.6378
1677.5 1316.5
1685.7549 1316.5459
1740.7775 1313.4324
1933.4865 1317.4865
1954.6094 1314.6365
2147.1636 1315.824
2346.611 1315.3162
2346.611 1315.316
2842.3518 1315.286
3418.0 1316.0
585.375 1320.0625
1534.9384 1319.1472
1555.5428 1315.2449
1655.8374 1319.4845
1706.9065 1316.0339
1751.1301 1316.4601
2804.1873 1318.854
2842.3518 1315.286
3233.96 1318.4
3315.5 1317.5
3498.1235 1314.4569
3601.014 1318.7467
3627.7727 1315.0675
3812.386 1315.9479
4124.271 1315.3597
392.0 1320.0
453.0 1320.0
522.9123 1318.8818
1627.2495 1321.4309
1728.375 1321.5
1768.5964 1316.4492
1809.0 1320.0
1816.6564 1321.1598
1856.393 1321.8987
1864.421 1319.8948
1872.5 1320.5
1922.2 1322.85
1970.579 1320.8948
2018.909 1321.0454
2060.4211 1320.8948
2068.125 1321.5
2115.5789 1320.8948
2141.1785 1319.7142
2209.8 1321.68
3181.344 1319.8462
3429.4412 1320.242
3645.9075 1319.6042
4105.875 1320.6556
514.3175 1319.5062
574.6 1321.6
1680.1868 1322.1598
1701.2891 1324.3888
1835.0607 1320.3751
1992.1442 1318.6008
2002.0 1321.5
2163.6 1321.4
2257.0 1322.0
2296.3333 1321.8334
2304.0 1322.0
2343.0 1322.0
2351.0 1322.0
3226.0 1322.6666
3302.8 1325.2
1822.4 1323.4
1851.3638 1320.4644
2846.6 1323.4
3233.259 1324.4061
3416.8237 1326.6815
3625.3127 1328.3063
3821.7065 1322.8711
3823.3562 1325.1461
4129.5 1324.5
1916.0199 1326.2623
3238.6 1325.6
3265.6594 1328.0508
1445.6266 1328.6887
1542.595 1324.5426
1751.9423 1327.6633
1767.2306 1330.1472
1929.375 1327.625
2154.7727 1328.5682
3199.2124 1329.7708
3339.2632 1330.508
2114.284 1334.7499
3824.0 1330.0
1435.2699 1330.573
1445.631 1328.6921
1734.6261 1326.8262
1818.0 1331.0
1887.5009 1331.9515
2106.0 1334.5
3416.8196 1326.6854
1780.368 1332.4231
1801.623 1336.8043
1917.7142 1333.9429
3310.6956 1335.3905
1528.9688 1338.7245
1767.9835 1336.2422
1792.2974 1334.0304
1867.5225 1337.7871
2158.8096 1339.9764
3226.8801 1336.0972
3718.0 1335.5
1437.5917 1335.4949
1723.5394 1338.6385
1810.0385 1339.8347
3170.6763 1338.681
3179.8704 1335.7638
3213.5 1337.0
3223.6963 1337.2235
3419.388 1338.9443
3623.0498 1344.5153
1654.885 1339.6393
1672.4333 1337.4508
1839.209 1336.9868
1857.8787 1340.8131
3662.0989 1339.6172
1528.967 1338.7253
1678.0 1341.0
1810.0382 1339.8342
2158.8079 1339.9764
3223.696 1337.2236
3237.5388 1342.1194
3247.905 1350.6267
1871.0322 1344.6917
2111.4443 1347.0
3303.0825 1347.2715
1661.0712 1350.4587
1672.5 1346.0
1769.1682 1348.6799
1824.2064 1348.0396
2012.0 1346.5
3196.2202 1344.3693
3262.2632 1346.7738
1517.5345 1349.1143
1697.5714 1349.6154
1851.0 1348.5
3315.656 1349.365
3315.6565 1349.3662
3350.08 1347.9445
3623.0503 1344.5151
1830.0 1349.5
3741.2705 1345.4927
1915.091 1351.9546
3230.7651 1350.2241
1692.7632 1356.4474
1892.2341 1351.2153
2013.0 1355.0
3239.0 1354.5
3247.906 1350.6299
3665.5073 1350.2625
1579.24 1358.16
1783.0605 1358.4247
1801.2974 1358.2731
2102.6316 1358.0264
3588.1133 1355.1464
1602.7332 1358.0167
1934.1666 1358.3334
1942.298 1358.7131
3255.7883 1355.2515
1801.2974 1358.273
1836.5 1361.0
3589.5 1362.0
4128.9517 1360.1129
1518.26 1360.9608
1807.7942 1367.9404
3273.4443 1365.1111
3406.5498 1365.6755
3627.9597 1365.9373
3635.4526 1365.1868
1643.3353 1368.6517
1733.5 1365.0
1764.3481 1372.8274
1858.3723 1366.6687
1964.4634 1370.0
1967.5885 1364.1117
2008.0769 1369.3428
2020.5807 1368.8531
2061.3696 1369.9565
2065.0928 1364.3813
2109.65 1369.95
2119.111 1365.5555
2160.6746 1364.4169
2160.6748 1364.4172
2206.4917 1367.092
2206.4917 1367.0919
2254.1711 1364.2014
2254.1714 1364.2014
2301.0503 1364.3206
2301.05 1364.3207
2349.4023 1368.7428
2349.4023 1368.7426
2844.7344 1367.3076
2844.735 1367.308
3293.2698 1366.562
3432.0142 1367.519
3635.4524 1365.1865
3646.8618 1365.397
3687.345 1366.5577
4110.3257 1365.1354
512.55994 1369.9246
520.8274 1370.0997
1130.2056 1366.4768
1526.8044 1368.5487
1532.0863 1366.5488
1742.6613 1365.4324
1840.0 1368.0
1874.5 1368.0
1935.5 1368.0
1981.5653 1368.4746
1981.5654 1368.4751
2807.4414 1368.2285
3214.7766 1369.7247
3268.2102 1368.5116
3604.8694 1365.2241
3652.0 1367.5
3670.307 1366.9126
3687.3452 1366.5579
3865.6184 1367.4907
4134.0 1369.0
390.89087 1371.7803
401.23956 1373.2793
452.76242 1370.3477
460.268 1372.6212
574.4952 1371.1854
581.5436 1371.2887
1717.6252 1369.9097
1844.878 1372.9734
1906.0 1369.0
3243.2095 1368.9635
3591.5918 1370.4432
1421.6527 1367.5996
1623.6759 1373.1504
1730.0 1371.0
1919.391 1369.0563
1972.091 1372.9546
2008.0769 1369.344
2020.5815 1368.8546
2069.5 1373.0
2117.5789 1372.8948
2157.5 1373.0
2211.5 1373.0
2251.3333 1372.8334
2258.9092 1373.0454
2298.0 1373.0
2305.5789 1372.8948
2349.401 1368.7522
2844.7349 1367.308
2844.7349 1367.3081
3357.302 1372.4178
4071.0 1373.0
1586.6482 1378.9373
1893.0 1373.0
2165.1052 1373.421
2349.401 1368.752
592.2933 1374.4272
1517.9412 1374.1501
3279.8135 1380.7119
3628.4102 1378.7352
461.5 1379.0
520.6985 1377.7585
583.4286 1378.5714
1706.6967 1380.0421
1793.7039 1373.0131
1916.0 1379.0
3259.4 1378.4
451.0 1379.0
512.2585 1378.7212
1420.0 1379.0
1852.0 1379.0
1888.2347 1381.122
1691.5995 1382.6544
1783.0 1384.0
1793.0 1384.5
1811.9147 1385.0857
1888.9352 1381.1276
1963.16 1384.72
3239.945 1382.3994
3239.945 1382.3994
3331.9536 1383.6576
1906.5 1386.0
1916.5 1385.5
1923.9878 1383.4617
3255.5164 1387.2606
3589.918 1392.217
3707.8298 1387.5981
4069.3762 1389.798
1865.5023 1387.4209
1939.6522 1388.6626
3255.5173 1387.2614
3667.8164 1386.34
1518.523 1390.4586
3336.3772 1394.156
3255.6 1392.4
3272.5752 1395.331
3318.972 1386.8424
3707.8306 1387.5994
1893.0 1393.0
1916.0 1394.5
3202.1724 1394.7241
3238.4314 1400.3304
1849.0 1396.5
1854.0 1396.5
1870.7725 1393.0695
3249.3914 1396.5652
1921.8182 1398.6448
3272.5735 1395.3331
1838.2858 1400.4286
1890.1 1401.0
3340.4773 1398.198
3668.4175 1400.621
1674.5 1401.0
1707.5396 1397.6619
1829.7418 1404.5618
3248.75 1404.4166
3281.5 1403.0
3589.672 1403.1146
1722.1577 1404.2771
1905.1666 1406.3334
3747.32 1402.5493
1868.8712 1411.2528
3289.3374 1407.195
4138.4 1407.4
1365.0288 1407.1694
1632.9829 1412.1987
1673.67 1412.7312
1942.5266 1406.629
3264.0 1410.0
3342.5251 1411.7867
3564.4531 1410.0814
3615.7996 1412.8842
1688.0642 1411.1699
1915.7656 1409.0526
1970.2656 1419.0114
2018.3362 1410.2991
2066.1887 1408.0532
2072.0 1411.0
2110.5 1412.0
2208.7249 1411.0529
2214.0 1411.5
3275.384 1411.3689
3326.1814 1411.1528
3352.0322 1412.5483
3574.0 1411.0
4115.636 1409.7902
1607.7135 1416.1534
1907.0 1414.3334
2899.2708 1415.8589
3178.3655 1416.8007
3224.263 1413.2646
4139.0 1413.5
1868.8712 1411.2528
1933.5076 1419.8585
2021.6666 1417.1666
2071.0 1416.5
2119.1848 1418.8889
2126.0 1415.0
2167.0 1416.0
2213.0 1416.5
2237.0117 1418.513
2256.1555 1415.1266
2256.1558 1415.1265
2302.7732 1414.1782
2302.7732 1414.1781
2350.5698 1414.125
2350.57 1414.125
1569.5079 1418.1711
1888.0 1417.0
1975.97 1425.11
1995.9341 1425.4945
2011.909 1419.5454
2063.4 1417.6
2159.0 1417.0
3591.0042 1420.7363
1697.0088 1417.0992
1861.5 1420.0
1919.5 1420.5
3256.1633 1421.628
1891.2825 1426.1364
1965.0 1421.0
2213.3333 1423.1666
2260.5 1423.0
2307.6667 1422.8334
2347.5 1422.0
2355.0 1422.0
2840.2417 1421.1566
2853.1804 1421.8263
2867.4053 1422.5238
2879.9155 1422.0989
458.36417 1426.6539
510.6889 1424.6643
519.35516 1424.8462
572.1422 1425.6094
580.0327 1426.0474
1939.7253 1426.3004
2022.0 1423.5
2071.0 1423.5
2116.9033 1418.0299
2119.1428 1423.8572
2233.5 1424.0
2375.499 1434.3279
2811.691 1420.2218
2830.9692 1421.7267
2884.9248 1419.9263
3292.1514 1424.4873
388.69666 1426.7583
450.35068 1426.3922
1689.2858 1426.5714
1790.394 1424.1031
1946.5968 1438.6049
1965.7445 1436.4679
2125.5 1425.0
2360.0828 1428.1732
2897.6353 1423.0159
2010.9225 1430.463
2234.747 1432.4994
2612.0 1429.0
2631.0947 1427.5076
2853.1152 1432.7174
2867.7317 1433.4504
2880.5908 1433.6814
3200.9517 1430.3323
590.1467 1427.499
1679.6255 1428.4934
1875.271 1435.4542
1908.4609 1429.2582
1918.0 1430.5
1927.3651 1426.8291
2018.3104 1434.213
2034.8059 1438.2787
2048.033 1431.9102
2061.885 1431.6827
2073.1843 1431.9133
2089.9285 1437.1428
2102.4958 1437.3123
2111.1738 1432.9565
2130.3333 1436.5151
2143.3992 1433.962
2157.4648 1435.1127
2169.4448 1435.3398
2183.5042 1435.1855
2197.2876 1433.6918
2208.8757 1433.7598
2208.876 1433.755
2223.7532 1433.5078
2620.0 1429.5
2647.3328 1430.4431
2659.6807 1431.3595
3245.6 1429.6
518.98987 1432.5675
1457.3722 1435.1536
1535.5305 1438.2208
1544.0 1431.0
1565.4698 1433.2147
1697.1079 1433.7471
1819.2878 1431.1642
1879.865 1428.5769
2118.182 1434.2727
2812.9639 1434.1044
2842.5305 1434.1887
2897.7466 1437.8591
3279.9558 1432.5574
3551.432 1428.3716
3675.252 1433.7501
459.5 1434.0
571.4 1434.4
1467.0 1434.5
1685.0 1433.5
1834.5 1433.0
1978.4734 1438.2784
2003.4348 1435.3914
2609.8184 1434.5994
2832.4087 1435.453
3243.2297 1436.5813
3315.913 1434.5217
3346.351 1435.6499
3750.3755 1437.0931
448.5 1435.0
510.39087 1433.8082
1591.2123 1442.6804
1792.7395 1439.7251
1792.7397 1439.7253
2620.9436 1436.3307
3262.282 1440.905
3288.1272 1434.4812
3584.0 1436.0
3711.043 1439.119
1210.1964 1437.3779
1226.2606 1435.1044
1415.8478 1435.892
1560.4403 1443.6852
1621.4089 1434.1165
1653.0532 1435.5166
1819.0 1437.0
1901.4744 1440.0818
1915.5778 1441.3608
1925.5 1438.0
1992.0413 1439.3473
2018.31 1434.215
3553.0798 1440.1583
1526.5312 1443.4316
1892.1292 1440.3566
3593.812 1439.203
3750.3755 1437.0933
1309.1731 1440.3628
1426.5413 1440.614
1613.7845 1440.7279
1668.0646 1444.1613
1843.8572 1443.1428
3192.0684 1442.7894
3247.0 1442.5
3272.94 1446.0134
1227.022 1446.5042
1316.4465 1442.4369
1863.1538 1447.3077
2832.5942 1446.5526
2881.144 1444.8035
2887.758 1445.3633
3291.0 1444.0
3322.0 1445.1515
1219.5 1445.5
1526.5309 1443.4315
1526.5392 1443.4342
1542.101 1446.5016
1582.6 1445.6
2013.0 1446.0
2845.636 1451.315
2854.5867 1451.1105
2868.555 1445.9769
3262.2786 1440.9034
3594.7373 1445.4554
1211.8081 1450.3818
1599.8296 1449.711
1823.0 1447.5
1994.0 1447.0
2054.5 1452.4073
2362.0 1448.0
2818.761 1449.1957
3284.1028 1451.1761
3293.3242 1454.8389
3305.9456 1449.2693
1966.1608 1452.7183
2144.5 1452.0874
2183.977 1451.5331
2197.8157 1450.022
2224.3325 1450.177
1561.5 1452.0
1623.0 1451.0
1860.4554 1453.3591
1939.8036 1454.6243
2011.3293 1453.2561
2036.5944 1453.2366
2089.503 1450.0281
2127.6274 1447.6562
2156.53 1453.6746
2209.22 1451.3453
2233.7715 1451.818
2367.5 1451.0
3247.5 1454.0
3259.0 1452.0
3574.9092 1452.0293
3674.8948 1452.579
4138.0474 1453.5436
1203.866 1456.2804
1443.7305 1451.9532
1472.421 1454.8948
1519.1919 1455.2515
1804.9108 1451.4587
1821.1981 1455.19
1979.4622 1451.1599
2003.0 1453.0
2020.2343 1452.5092
2103.4053 1457.743
2209.22 1451.3451
2661.9219 1451.2533
2823.0 1454.0
3686.984 1458.2244
3713.2878 1449.3684
1225.0 1456.0
1552.6271 1454.1274
1574.0 1456.5
1641.9929 1453.6484
1729.1075 1459.425
1921.2496 1459.5356
2832.8062 1458.6406
3285.0 1456.0
1562.0 1459.0
2112.0 1457.0
2819.7036 1459.4259
2832.8516 1459.0032
3303.6611 1458.4785
3438.9211 1458.8538
3481.3665 1458.2654
1222.0802 1461.5977
1575.9863 1466.7737
1617.9231 1461.8666
3340.8347 1460.6487
3358.619 1460.1874
3388.4824 1463.2432
4143.6 1459.4
1200.5028 1464.1951
1677.0 1462.5
2038.5 1462.0
2128.0786 1466.2809
3291.7769 1459.5481
3317.0752 1464.9644
3347.6807 1466.3508
3674.0 1462.5
3714.5557 1462.0748
1126.8225 1463.5427
1689.0 1465.0
1802.3717 1469.4364
2144.0513 1465.8462
2171.5454 1465.8636
2186.2856 1464.2858
2198.92 1464.76
2223.0 1464.5
2237.7944 1469.3633
2361.6853 1464.9259
2378.5227 1463.3636
1137.2424 1467.7576
1220.4482 1470.3448
1426.2142 1463.3505
1431.4 1466.4
1669.0 1466.0
1701.9786 1466.1364
1966.3726 1467.282
1976.0 1467.7142
1993.2759 1467.2413
2089.7644 1470.8763
2104.8027 1467.3502
2156.318 1465.6364
2209.537 1471.5883
2254.5 1469.975
2257.523 1464.6367
2305.2932 1464.3226
2305.2932 1464.3226
2353.6328 1466.1124
3299.0 1467.0
1205.26 1470.7769
1466.2495 1470.0393
1638.5505 1468.6162
1656.6783 1468.7383
1897.7092 1471.661
2005.0 1468.0
2014.4125 1469.0109
2035.2288 1471.6978
2076.0 1468.0
2209.5374 1471.5886
2829.5122 1471.5122
3303.0 1468.0
1952.5 1469.0
3347.6804 1466.3512
3554.6287 1469.7263
1439.4976 1469.0178
1796.0 1472.0
1915.6 1472.4
2302.0 1473.0
2309.6667 1472.8334
2354.334 1467.7615
2354.334 1467.7615
2383.8728 1472.5992
1142.8779 1475.6343
1582.3679 1473.0658
1801.5 1474.5
2118.625 1471.6207
2163.589 1472.1611
2168.6 1474.4
2209.5383 1471.59
2262.1428 1473.8572
2836.5 1473.5
1448.3506 1474.3245
1710.7498 1478.8024
1764.7311 1474.8287
1991.2252 1482.8065
2010.5 1476.5
2073.0 1475.0
2126.8333 1476.3334
2235.5 1475.0
3349.0557 1480.0927
1967.6973 1476.4697
2005.0 1477.0
2362.0 1478.0
3287.0 1478.5
3653.3096 1477.0007
3677.068 1476.6721
1208.3907 1483.1484
1226.421 1480.8948
1443.85 1481.55
1520.2518 1477.278
1667.0 1479.5
1727.367 1478.9398
1792.4872 1480.0774
1801.0 1481.8889
3318.6912 1480.1654
3555.6309 1478.9163
3766.1794 1477.5052
509.41745 1483.4297
517.50165 1483.9305
570.3488 1484.3638
577.7405 1484.3934
1456.5023 1481.1997
3597.537 1481.0107
447.76068 1485.2001
456.54544 1487.2941
1424.3578 1488.0098
1663.9286 1486.8572
1689.0 1483.5
1924.3564 1480.2408
1935.7426 1479.4695
3328.9973 1485.1294
3349.056 1480.0931
375.55826 1482.6898
385.27615 1489.7574
587.9661 1485.6956
1211.7534 1493.7151
1224.312 1495.585
1654.579 1485.8948
1911.3928 1486.3445
3709.0613 1491.456
1800.8959 1489.7719
1899.1018 1490.3444
1938.6687 1489.0402
579.875 1491.625
1128.0 1490.0
1562.4 1489.6
2815.9922 1490.8956
2900.5813 1491.5249
3635.1309 1489.1359
3666.8958 1489.2018
457.0 1493.0
517.4364 1490.9478
569.5789 1493.1052
1424.3586 1488.0098
1573.0 1492.5
1813.0 1492.5
1854.0 1491.5
1954.4 1493.6
2007.3629 1503.4587
2853.3572 1492.9347
2853.3572 1492.9355
3275.3774 1492.7416
3351.6523 1498.9343
3766.2173 1501.3914
368.0748 1490.1143
446.0 1494.0
509.18298 1492.2152
1128.9697 1496.0891
1691.4824 1493.2809
1791.7792 1493.1952
1910.3184 1500.6791
1935.0 1493.5
2363.0 1494.0
2386.0085 1494.254
3778.8867 1498.1698
385.0 1495.0
1201.7258 1495.6188
1211.7532 1493.716
1461.6437 1496.5587
1645.5 1495.0
1653.5797 1498.4998
1845.026 1494.993
1974.9596 1499.0072
1449.0455 1493.194
1910.3185 1500.6791
2069.4893 1502.9875
2127.1577 1498.4113
2165.3755 1503.0569
3329.3635 1499.6818
4143.1816 1497.2115
1621.0 1500.0
1633.1953 1502.1355
1783.0581 1500.8969
1932.6796 1501.2915
1941.3171 1501.3418
1963.5 1499.0
2021.2272 1503.9717
2021.2273 1503.9717
2069.4868 1502.9054
2113.6 1499.6
2165.378 1503.2942
3393.3518 1506.8601
3618.408 1499.5948
3670.4082 1501.1888
1921.7859 1504.8888
1969.091 1502.0454
4125.1113 1501.1561
365.8943 1502.5332
1441.0 1504.0
1910.3182 1500.6797
3484.1914 1506.9814
3560.5742 1508.1403
3660.6 1507.7384
1646.1101 1508.269
1661.0 1506.5
2021.2272 1503.972
3365.0657 1507.4875
3379.0627 1506.7461
3626.0 1505.0
4148.6 1505.4
1176.0638 1508.3145
1432.7142 1509.4286
3331.1086 1506.762
3771.0833 1511.65
1727.0 1509.5
3283.0 1509.0
3331.1091 1506.765
1428.3375 1512.6655
1461.3604 1510.8682
2854.3447 1510.536
3780.0 1511.0
1149.7041 1509.1693
1557.0 1514.5
2816.8354 1513.8241
3186.8528 1516.4408
3352.278 1512.3357
3608.5063 1514.7789
3620.581 1514.0392
3691.846 1523.1156
3700.3792 1517.0825
1939.5 1515.0
1968.5 1516.0
3711.4414 1515.37
362.7396 1523.8745
1832.1165 1515.159
2011.2333 1519.4667
2165.3987 1516.1527
2208.7837 1521.6216
2211.9446 1516.2483
2259.7646 1516.3213
2259.7644 1516.3212
2307.0295 1516.1062
2307.0303 1516.1056
2354.7563 1515.7158
2354.7566 1515.7161
1459.2427 1522.2754
1550.141 1514.0354
1653.8951 1516.7334
1975.101 1521.3668
2021.2518 1518.8771
2021.2518 1518.8771
2069.743 1517.539
2069.743 1517.5391
2118.3489 1517.7595
2118.3489 1517.7592
2165.3987 1516.1526
1418.9232 1519.8937
1666.2964 1523.055
1934.7727 1523.2727
1960.1052 1521.421
370.0 1523.0
377.12366 1523.3491
1513.5424 1521.3046
1657.0 1524.5
1678.5846 1527.2052
1835.3334 1525.0
1842.5 1524.0
1849.549 1523.089
1899.6067 1521.5236
1916.5 1523.0
2256.5 1525.0
2264.0908 1524.9546
2307.7615 1526.5631
2359.6 1524.4
3269.4214 1528.3441
1439.8796 1522.6057
1710.7369 1522.529
1923.1052 1526.421
1970.7307 1525.8292
2018.0 1527.0
2067.0 1527.0
2118.4443 1528.8223
2122.6667 1526.8334
2162.4211 1525.8948
2170.4211 1526.1052
2216.8948 1525.579
2307.7615 1526.5631
2351.0 1525.0
3306.159 1525.1204
3774.3674 1528.4987
1642.7307 1533.4326
1725.3754 1525.5881
1895.3334 1529.0
1950.52 1528.92
2025.5 1528.0
2075.0 1527.5
1447.5107 1528.3606
1890.0 1530.0
1977.1154 1530.3462
1997.0 1529.0
2861.2046 1530.7955
2873.615 1530.1603
2884.8955 1535.8544
3477.1753 1528.8308
3784.4875 1532.4901
2819.3535 1529.6136
3275.9429 1537.3477
3354.2686 1529.2733
3618.748 1531.8705
3764.5344 1531.9973
1513.5 1534.5
1563.6973 1533.3718
2615.6582 1530.7327
2653.6204 1532.4463
2674.6133 1531.3717
2686.7483 1531.0767
2890.6584 1532.15
2910.2083 1532.8951
3560.5444 1540.7549
1495.86 1539.8113
1665.1536 1536.2449
2212.685 1534.3142
2218.0 1536.5
2626.19 1530.9789
3355.1772 1546.7744
3698.178 1538.6713
3715.9097 1538.779
2009.6 1538.4
3395.2744 1539.1847
3711.4172 1536.9117
576.00366 1544.1392
1435.0 1540.0
1517.3025 1541.2844
2161.15 1542.9166
2192.1985 1537.9592
3332.3538 1539.5164
3478.5754 1540.6233
3604.5132 1537.4634
3661.7212 1539.8948
507.57916 1542.7367
515.693 1542.7594
568.44775 1542.8413
1562.2233 1541.6794
1703.9312 1541.7312
1967.9994 1546.0331
2021.2684 1541.9227
2066.0 1544.9546
2119.9463 1540.9673
2145.1252 1541.6117
2185.1428 1543.1428
2862.4128 1544.4095
2874.7268 1543.9585
2882.25 1544.0
2891.1257 1544.2881
2910.9463 1543.6184
3641.8445 1542.3247
384.05524 1545.8939
393.18005 1544.9861
445.45676 1544.9265
454.15305 1547.5664
1687.5664 1547.0577
1924.0731 1546.6342
1930.8983 1547.7595
1979.4464 1546.8036
2021.2649 1541.9225
2050.2266 1544.1232
2075.8093 1545.4148
2090.7114 1543.6259
2103.5188 1543.2523
2131.182 1544.1364
2174.318 1543.6364
2627.532 1546.4287
2637.5342 1545.6178
2654.3167 1546.5126
2654.3167 1546.5132
2675.795 1546.5884
2687.805 1544.9669
2819.6858 1543.7688
3289.7146 1545.423
3628.0 1543.0
3691.685 1556.5385
4153.5 1544.0
586.11456 1546.5044
1912.1017 1552.305
1930.1798 1545.5931
1946.0581 1545.582
1995.737 1544.7233
2005.7866 1544.5325
2036.5447 1544.652
2616.609 1545.8857
2851.3428 1545.4491
3785.8 1548.0
454.14316 1547.5774
577.36365 1549.6818
1839.0 1548.0
2190.295 1544.2473
2667.1409 1546.3309
2687.805 1544.9668
2836.1565 1545.5952
3289.7144 1545.4233
4093.1628 1546.9375
515.64923 1551.0964
567.2273 1551.2273
2160.3855 1553.6207
2185.0 1549.0
2371.0603 1554.1552
2387.5972 1548.6196
3271.4 1550.4
507.37662 1550.9869
2036.4027 1554.866
2050.3174 1554.8263
2065.4675 1553.8815
2080.75 1554.0
2090.7043 1554.6488
2103.533 1554.3102
2115.0 1551.0
2132.68 1552.76
2145.4092 1552.5983
3706.2856 1553.0
4153.6 1551.4
1601.8395 1553.6982
2006.4954 1555.5181
2016.5288 1552.2905
2226.165 1559.6847
2239.3008 1554.5394
2382.9514 1563.7961
3415.83 1556.189
3489.1868 1554.357
3500.913 1553.2836
3669.2874 1553.2434
1704.0 1555.5
1935.8624 1561.4921
1995.7451 1557.6227
2115.0 1556.0
2171.3525 1552.5258
2184.68 1558.08
2207.6328 1555.0876
2875.9233 1565.6898
2886.546 1565.9672
2892.6455 1565.0079
2911.6729 1557.705
3335.529 1555.2745
3404.1304 1556.1808
3713.0405 1554.8535
3784.6301 1559.2461
1826.0 1558.0
2023.6017 1555.6859
2196.2 1558.56
2217.4 1557.6
2616.9648 1563.7266
2629.3376 1563.9882
2639.0 1559.0
2645.0 1558.0
2655.176 1563.5968
2666.0 1558.0
2678.1855 1562.4956
2684.0 1558.0
2821.1582 1565.469
2837.6667 1560.5333
2851.8096 1559.9048
2865.0977 1559.4634
3355.2852 1557.371
3391.0647 1556.3024
1690.4795 1562.8405
1899.625 1558.3203
2689.4324 1564.5236
3283.0032 1562.539
2201.3381 1568.7727
2668.2175 1564.1255
3249.0334 1563.2914
3672.5051 1564.9764
1560.8 1561.4197
1624.8083 1564.703
1690.4843 1562.8403
1703.0924 1566.7737
1871.3008 1561.0009
1948.0 1565.0
2182.75 1565.4166
2364.1182 1570.0698
2637.3635 1565.8374
2684.0 1564.0
3769.088 1562.0493
3786.4211 1565.421
1988.0 1565.0
2077.5203 1576.0668
2104.1753 1569.6469
2160.8667 1569.3334
2213.2163 1568.9875
3724.259 1564.0765
1436.0 1568.0
1872.5 1570.0
2092.0576 1570.2885
2354.0 1568.5
2852.67 1565.9696
2864.6562 1566.026
3263.5156 1565.2262
343.71948 1565.9127
1128.92 1573.9467
1167.3052 1570.9458
1172.4482 1572.4138
1183.323 1569.0332
1193.7856 1568.5979
1640.0 1569.5
1892.8452 1576.081
1940.0 1569.0
1974.73 1569.913
1993.0 1569.5
1997.6 1572.5
2008.3088 1576.7517
2016.4456 1577.4299
2115.0 1570.0
2191.1162 1574.9972
2213.2163 1568.987
2240.7046 1573.784
2261.7566 1569.3599
2261.7566 1569.3597
2309.1333 1568.0293
2309.1338 1568.0293
2837.8438 1567.42
2912.5918 1571.5682
3335.3728 1568.7418
3716.3325 1570.2563
3776.0 1570.0
1650.3175 1569.6323
1809.151 1569.0785
1906.2428 1576.5428
1963.2574 1571.122
2126.463 1575.2598
3315.4294 1573.1315
3592.0247 1568.4366
3716.3333 1570.2566
1941.9629 1575.2888
2044.0 1574.0
2050.4526 1577.6014
2064.3455 1576.856
2145.639 1575.4067
2851.9688 1575.125
2862.0 1574.5
1148.4497 1582.1764
1456.3401 1577.7473
1690.6154 1574.938
1845.9288 1577.2626
1873.5747 1585.6461
1878.3334 1576.0
2023.6902 1577.7063
2266.5 1577.0
2314.4 1576.6
2357.7896 1577.7343
2362.0 1575.5
3771.078 1579.1165
359.0 1577.5
1164.8303 1579.4788
1179.6 1577.6
1430.2623 1574.673
1824.5698 1576.4398
1830.7148 1579.6918
1845.9283 1577.2627
2145.639 1575.4066
2160.072 1575.4023
2211.0 1578.5
2219.4119 1579.0588
2251.0 1578.0
1857.6744 1580.1014
1984.909 1581.0454
2008.309 1576.754
2023.6886 1577.7073
2050.453 1577.6024
2064.3455 1576.8563
2091.5837 1577.1848
2104.4692 1581.2985
2116.0 1580.5
2244.0 1579.0
2628.355 1579.6458
2639.9841 1579.4105
2649.7874 1580.1611
2659.8247 1579.3998
2671.6711 1579.5016
3634.817 1584.7518
3652.3118 1578.6815
1124.2063 1577.7875
1172.1228 1585.0116
1262.8766 1585.5326
1515.0032 1585.4786
1886.4429 1581.6443
1899.6 1581.4
1937.3334 1582.0
1954.6575 1583.9729
1997.8256 1579.0249
2036.7439 1577.8542
2036.7443 1577.8542
3399.509 1579.0973
1135.3611 1585.3334
1178.3448 1587.6552
1425.2865 1583.7577
1608.0278 1583.5115
1772.1488 1583.556
2172.0256 1578.9435
2186.6882 1599.0818
2206.4373 1600.2628
2241.22 1611.381
2839.3416 1586.5583
2854.4263 1586.3491
2862.6743 1585.2633
2876.9973 1585.6962
2885.0 1586.0
2893.9807 1584.7483
2907.2856 1584.7142
2913.4067 1585.1202
3336.8142 1584.0244
3787.5547 1588.2498
1689.2 1587.1
1928.4604 1584.6483
1985.0731 1589.746
2093.0 1585.5
2230.4937 1600.1035
2661.1147 1603.102
2822.2163 1586.2571
3397.4438 1588.5317
3700.1746 1594.0826
3726.0 1586.0
3764.6704 1587.8314
375.2763 1587.8689
1192.9457 1591.3356
1636.4536 1589.4369
1920.1708 1585.2122
3601.3357 1590.3218
3626.3672 1586.6482
1955.022 1600.8334
2629.286 1592.1858
2640.1355 1591.549
3337.4211 1589.8948
4152.8647 1588.6349
1534.0446 1592.8645
1546.9558 1595.6124
1925.4286 1592.5714
2380.4988 1593.2997
2685.0 1592.0
2691.312 1591.8997
3780.4905 1594.2642
1447.5339 1593.733
1455.8749 1592.7892
1599.7755 1594.6366
1629.8661 1595.8203
1864.4723 1597.9487
2092.3774 1597.0723
2116.0 1595.0
2163.8374 1593.2236
2369.0 1596.0
3254.8533 1599.8264
3660.6987 1606.3407
3770.625 1597.0981
1525.0797 1600.0566
1656.1666 1598.3334
2854.8984 1600.3905
2886.0 1600.5
2894.705 1599.7041
2906.8303 1599.4745
2914.416 1599.3351
4158.5 1597.0
2082.0 1599.0
2105.0845 1596.7408
2823.127 1600.7195
2840.1396 1600.9045
2865.503 1600.262
2877.6987 1600.2719
3447.1965 1599.1249
3525.3252 1597.2181
3716.8733 1597.7546
507.17975 1603.0641
515.4 1602.4
1919.0919 1603.3121
2629.409 1603.534
3358.18 1603.0098
3408.5312 1603.3125
3640.602 1604.6968
3783.3157 1604.0878
443.87405 1604.8058
847.70386 1599.7599
2686.0 1603.5
2691.5378 1602.7799
3339.0847 1604.5134
3378.0847 1605.123
3414.6733 1604.1136
3425.3337 1604.7426
3675.0 1604.0
1660.5 1606.0
1667.5667 1603.3553
1871.7782 1603.8933
2381.373 1607.5868
3372.1052 1605.579
3692.8596 1610.3031
3721.0 1605.5
3771.3054 1605.4725
4154.9976 1605.852
1216.9187 1607.5546
1901.3962 1613.0944
2156.0 1608.0
3363.6 1608.4
3598.0603 1612.7769
1135.8918 1622.3547
1908.7778 1611.5555
2147.7766 1609.7522
2162.4634 1611.3658
2890.1814 1614.5126
2895.6348 1613.8247
3620.843 1610.2522
947.9114 1609.358
1677.0 1614.9231
1833.4421 1610.7087
2092.6196 1611.7294
2105.2412 1611.6699
2651.762 1613.7137
2661.436 1614.2156
2673.67 1614.4147
2824.5037 1614.8763
2841.062 1615.314
2854.4963 1614.8464
2870.0332 1614.3186
2878.0784 1614.4604
2907.621 1613.567
2915.5115 1613.4344
3708.8882 1615.2825
3790.0 1612.0
371.91257 1614.881
392.8929 1608.2826
442.5 1613.0
1665.0 1613.5
1981.4304 1615.328
3684.0479 1614.918
3783.0 1614.0
1647.5 1615.0
1943.5 1617.5
1967.1896 1616.3279
2630.2158 1616.9838
2641.478 1615.6255
3721.0278 1619.9323
1658.085 1618.2107
1754.6383 1619.8293
2841.0627 1615.315
2854.4966 1614.8466
2869.9395 1614.3247
3660.588 1617.4275
1356.7573 1623.1079
1451.3948 1620.6243
1688.4686 1617.3937
2161.5493 1626.8523
2264.12 1619.7229
2311.6338 1618.2264
2311.6348 1618.2269
2359.9236 1618.0499
2364.2217 1622.4718
2381.7366 1621.9873
2662.9614 1635.6733
2673.7217 1625.0646
3526.5903 1619.3529
1589.2756 1619.4418
2186.431 1625.4318
2195.9114 1624.6127
2206.7346 1632.1129
2221.457 1623.5408
2264.12 1619.7229
2630.8965 1624.1675
3359.1213 1625.2076
3792.66 1620.6962
373.2975 1626.7601
1589.2756 1619.4419
1634.0 1624.0
1777.3717 1631.3009
1955.8341 1624.2415
2079.2585 1627.7429
2128.004 1626.7847
2175.3623 1625.9202
2017.2451 1629.3744
2063.1084 1628.97
2308.4285 1627.4286
2316.0 1627.0
2356.5 1626.0
2364.2234 1622.4713
2382.6785 1627.2142
2391.7666 1622.2753
2687.0 1626.0
2693.1423 1625.3141
2896.4802 1628.5356
2908.3162 1627.6617
2916.2942 1627.3153
3780.5 1626.5
1874.2935 1626.5413
1898.1918 1630.7542
1971.0 1627.0
2029.0 1627.0
2220.476 1633.2322
2230.5437 1634.0958
2261.0 1628.0
2268.5 1628.0
2824.7805 1628.6521
2841.8796 1629.2477
2857.6375 1629.2186
2866.296 1628.4624
2879.4946 1627.9204
2888.0 1628.5
3597.0 1628.0
3695.2817 1625.1671
1764.2328 1634.5792
1810.3894 1634.969
1847.5222 1630.784
2147.551 1627.3768
2175.3628 1625.9199
2253.0 1629.0
3442.3577 1628.3335
3792.119 1631.0553
1494.4929 1636.1954
1606.158 1629.1078
1742.0691 1632.8727
1795.2437 1632.7562
1959.5216 1629.7292
2009.7489 1629.1992
2038.5366 1629.796
2051.7744 1629.3535
2063.3848 1628.9639
2092.6575 1628.6593
2092.657 1628.6592
2117.0 1632.0
2137.0 1631.0
3603.7754 1636.9178
1166.381 1635.8
1629.729 1637.9355
1825.7142 1635.2142
1871.8557 1633.2914
1898.191 1630.7561
1919.355 1632.7345
1941.4749 1630.437
1954.25 1634.75
1967.0 1634.0
1983.8109 1630.6123
1995.5691 1630.585
2029.0 1633.0
2381.796 1635.3923
2392.515 1636.6493
3648.4204 1636.7422
3694.9453 1633.6868
3724.0864 1636.5146
1752.0 1636.0
1879.1052 1636.421
2631.461 1636.7911
2687.6 1636.4
2693.715 1636.0475
3363.587 1633.1743
3773.8103 1634.4982
1707.2251 1636.6136
2174.7776 1639.6511
2367.0574 1638.1719
3445.1409 1644.6719
3782.226 1637.2119
1133.7714 1647.628
1702.2845 1640.8591
2164.22 1641.5333
2889.0 1642.0
2897.4424 1641.8693
2917.2444 1641.4432
3648.421 1636.7413
1586.1844 1642.4476
1746.0 1645.0
1774.5972 1644.7693
2387.0 1642.0
2825.7761 1643.161
2842.8357 1642.7832
2858.7139 1642.8203
2866.9766 1642.2991
2880.2207 1642.0848
2909.6108 1641.2551
3572.2568 1645.7432
1180.5259 1646.9246
1233.2522 1646.9596
1636.5853 1646.3414
1693.3102 1642.5275
1702.2844 1640.8604
1899.292 1646.0721
1912.6335 1645.6678
1923.477 1646.6033
1942.4735 1645.2161
1955.3754 1644.0156
1967.8478 1645.174
2631.7117 1648.0519
1826.0 1646.5
1839.4949 1643.5963
3652.0 1645.0
3660.5 1646.5
3693.574 1647.2615
3717.2961 1646.7627
3794.646 1649.7946
1151.7764 1644.7358
1683.8381 1647.2485
1701.6444 1650.1213
2694.5437 1646.8221
3445.1404 1644.6719
3677.9783 1648.8813
3703.645 1648.5182
1553.1976 1653.9429
1662.4111 1647.1029
1751.0 1650.5
2383.115 1651.6282
2393.318 1651.7256
3455.389 1653.1296
3547.0723 1648.8997
3632.138 1650.0015
3782.8 1653.05
3794.6465 1649.7953
946.53143 1653.2281
1134.2339 1659.7703
1588.5 1652.0
1745.6178 1650.2451
1774.4102 1652.0001
1877.3893 1654.193
2229.3647 1650.2549
3362.4578 1651.3698
3404.0154 1649.6313
3418.5535 1652.8842
3427.348 1653.7814
3562.9812 1651.4829
3665.0 1652.5
3672.7 1652.3
3688.0 1654.0
3696.0 1652.5
3724.0166 1661.1635
1553.1976 1653.943
1565.5 1653.0
2118.0 1654.0
2159.0 1656.0
2163.0 1657.0
2188.207 1657.8013
2201.9067 1657.9407
2909.9973 1655.4863
2918.261 1654.916
3343.225 1655.2999
3464.5134 1651.5732
3652.5293 1655.0299
1649.8451 1658.9053
1689.0 1657.0
2653.5864 1656.4698
2664.2683 1657.1718
2675.4329 1657.4408
2834.7239 1668.3768
2844.0 1656.0
2858.4817 1665.2028
2881.491 1664.4106
2893.2815 1664.0382
2898.0 1655.0
3795.1804 1653.548
946.0 1659.5
1156.7135 1659.7162
1168.3846 1658.4615
1934.4526 1659.6196
1962.4117 1659.0588
1970.037 1662.7593
2231.0 1658.0
2695.052 1657.4125
2872.7927 1664.8794
3409.0 1658.5
3528.1125 1654.318
451.78137 1664.6188
504.10745 1661.301
913.0 1659.0
1585.0 1659.5
1682.832 1662.7012
1703.5 1660.5
1708.6149 1662.7823
1873.6527 1659.1185
1899.2595 1663.9532
1913.2339 1660.0883
1942.8627 1660.3325
1955.6793 1660.349
3368.0 1659.0
371.77368 1663.9341
442.312 1662.6567
844.73566 1656.6871
1654.4889 1664.7389
1775.4595 1659.7964
2232.5593 1665.5424
2632.4673 1657.7603
2844.0962 1665.4125
2898.592 1664.148
3531.4585 1671.4503
379.01465 1664.1868
2384.145 1674.1754
1426.9702 1669.7401
2644.1729 1668.4508
2654.3855 1669.4122
2665.3677 1667.4456
2675.586 1666.8853
3572.4473 1664.4697
946.49927 1669.229
1180.5697 1677.4182
2179.3333 1667.7778
2633.342 1667.6396
2872.7202 1664.8792
2910.9512 1669.5901
2919.2205 1669.5078
441.0 1670.0
1510.4615 1671.7802
1708.5 1670.5
1900.88 1676.08
2165.477 1669.3975
1121.5348 1672.3324
2313.4636 1671.4077
2358.4 1672.6
2367.7976 1674.5114
2394.0378 1674.311
1140.0184 1681.0786
1426.1664 1669.5739
1943.5637 1674.8485
1955.595 1673.7466
2193.2058 1679.5782
2244.4219 1678.0721
2255.5 1674.0
2266.1504 1672.1172
2266.1506 1672.1174
2313.4639 1671.4076
2677.5537 1690.1014
3446.6292 1677.4497
1659.7286 1672.9514
1968.3717 1674.5626
2130.2234 1680.5874
2203.7578 1674.5326
2653.3845 1685.6794
1418.5 1678.5
2080.7905 1681.2222
2149.2651 1681.4062
2163.4336 1680.6381
2175.8333 1677.6666
2217.5486 1674.4377
2369.9211 1680.8948
1711.0621 1681.1508
2017.7809 1683.1735
2069.332 1681.709
2107.5957 1679.8208
2310.5 1680.0
2318.3333 1680.1666
2358.0 1679.0
2633.563 1679.526
2690.0 1680.0
2696.4612 1679.3285
3406.3762 1684.0482
3532.4985 1679.2942
1156.0968 1682.1726
1193.0961 1692.3854
1667.8313 1683.2173
1875.847 1682.0375
1969.1945 1683.3633
2262.5 1681.5
2270.6 1681.4
2900.0845 1684.5531
2911.7935 1683.4396
2920.0957 1683.509
3448.3076 1683.868
3735.0886 1683.6443
1167.0553 1682.6411
1440.8763 1686.1234
1758.6399 1683.7648
1826.099 1686.705
1875.8453 1682.0372
1945.0 1683.0
2204.7803 1686.1489
2230.997 1684.4929
2838.6904 1685.7743
2846.9 1686.6
2856.0 1684.0
2861.8271 1685.5421
2883.189 1684.2736
1576.3174 1687.8379
1783.1837 1687.4286
1851.4899 1686.7887
2069.6206 1687.5172
2082.0303 1686.4849
2154.4827 1685.8793
2177.3618 1686.9547
2892.0 1685.0
1500.1869 1686.0183
1727.9082 1686.7659
1737.3448 1689.8501
1772.2848 1687.5369
1804.5992 1686.4774
1804.6001 1686.4781
1816.8934 1687.3622
1851.4896 1686.7887
2010.9513 1682.7878
2095.4556 1688.2448
2108.2441 1687.338
3407.8445 1691.2667
3532.3496 1688.8374
3657.0 1688.5
1872.6 1690.6
1881.0 1691.0
1899.0 1690.5
1928.46 1689.8295
1984.0 1690.5
1998.2941 1689.7401
2040.0826 1688.7611
2054.0 1689.0
2633.9385 1691.4005
2697.3342 1690.6012
3692.749 1686.7557
1140.9331 1697.1569
1478.0148 1688.9073
1657.8436 1690.9242
1788.4937 1687.9452
1827.1278 1692.7097
1944.2319 1689.3385
1956.0323 1692.0916
1968.1805 1689.1914
2691.0 1691.0
3450.4714 1700.1256
1127.1948 1697.9426
1180.0941 1702.5653
1419.7416 1692.7076
1430.6978 1691.0074
1802.5 1693.0
1903.0 1693.5
2384.4941 1695.187
2395.45 1695.6697
3617.373 1691.2257
3676.5 1694.5
1478.4 1696.6
1487.7662 1694.772
1644.5 1696.5
1756.0 1696.5
2181.9424 1698.8654
2189.8857 1699.2858
2231.719 1699.5552
2633.9382 1691.4005
2913.3403 1698.3357
2921.0662 1698.1921
3537.8455 1703.3208
3706.0 1696.5
356.52222 1699.9034
1205.1006 1697.2858
1532.0 1697.0
1702.7977 1694.4313
1771.0 1698.0
2156.5 1699.6
2165.9626 1699.3402
2205.0 1697.5
2245.2532 1698.1708
2847.5 1700.4
2862.9062 1699.5807
2872.392 1699.3708
2884.2124 1699.3865
2893.0 1699.0
2901.0 1697.5
3556.438 1698.0856
3589.7415 1696.4164
3697.4478 1700.258
1778.273 1702.5428
2108.146 1700.462
2218.271 1699.1782
2223.842 1699.8948
2839.6523 1700.3663
3513.0642 1700.4587
3684.2126 1699.3816
356.52258 1699.9034
1140.9286 1702.6786
2666.9841 1703.6271
3347.5134 1705.9395
3399.8535 1701.7101
3415.9275 1700.8522
3474.3352 1698.6354
1522.7517 1705.5629
1786.4348 1704.3914
1900.3185 1706.1333
3385.1719 1702.3125
3423.9202 1704.4521
1597.0 1705.0
1914.2448 1705.9318
1944.2335 1705.5316
1968.481 1704.6742
1985.9447 1704.5613
2884.6062 1708.0068
2893.5 1707.0
2902.1262 1709.1404
2913.1418 1706.9652
2922.0745 1707.0858
3368.0874 1708.2551
3376.0 1706.0
946.9599 1709.6879
1540.6 1708.4
1630.116 1707.6769
1676.7576 1708.0494
1956.0483 1705.4568
2384.7024 1709.8337
2840.4897 1709.2578
2863.6418 1708.8225
2872.4832 1708.1586
925.87744 1707.3843
1132.9214 1719.7842
1426.6528 1709.9698
1705.421 1709.8948
1828.3375 1707.0997
1180.155 1727.6891
1498.188 1707.3362
1597.0 1712.5
2177.758 1711.1129
2396.2832 1710.2012
1657.5618 1716.0225
1692.2866 1714.5245
2108.4915 1715.9076
2151.2383 1714.5176
2166.5112 1714.4584
2205.5913 1714.8307
2232.5483 1717.4802
3325.248 1714.5269
3677.387 1712.3337
3707.3196 1713.0431
356.3007 1716.6207
1487.04 1717.5576
1778.0 1715.0
2096.329 1715.6738
2223.5332 1716.7893
2242.6365 1720.1091
3638.4204 1715.8848
3685.8926 1719.3668
1156.6134 1718.5502
1166.4994 1718.4218
1193.5787 1718.2292
1203.7162 1717.0142
1680.0741 1718.6327
1724.8514 1721.2059
3522.7778 1720.6666
3564.6453 1725.0686
3601.2856 1718.7142
356.301 1716.6207
502.89172 1720.9362
563.54016 1719.4989
1149.5 1720.0
1507.0 1719.0
1563.5576 1722.2126
1605.0 1721.0
1900.803 1721.4028
1914.6761 1721.3176
1956.4899 1719.5316
1969.416 1719.437
3343.5 1719.0
3531.5 1720.5
1705.4677 1720.1775
2172.9348 1726.1133
2177.773 1722.9941
2195.337 1720.515
2199.3237 1725.8931
2221.4714 1726.8171
2385.153 1723.7203
2396.6885 1722.7657
3248.6133 1721.6027
3285.2598 1721.0963
3536.5063 1720.4596
3685.8923 1719.3682
377.1985 1725.3107
2109.048 1725.8145
2125.0005 1729.8751
2136.4666 1724.8
2151.5183 1725.21
2158.0 1723.5
3698.5886 1726.9941
1479.0 1725.0
1537.7863 1725.6505
2072.746 1729.0159
2081.5957 1725.592
2096.4702 1726.6697
2272.6 1726.6
2312.0 1726.5
2321.5232 1729.8755
2370.4375 1728.9075
3337.0 1726.5
3403.1665 1724.5232
3419.013 1724.6255
3534.9492 1729.2388
3670.7651 1725.62
1615.0 1728.5
1999.3231 1730.3666
2009.9596 1731.0792
2019.4858 1730.2727
2027.4974 1728.8815
2041.1746 1729.0786
2055.0674 1728.317
2221.4714 1726.8184
2264.6 1727.4
3408.0 1729.0
3520.0615 1726.7317
3576.5369 1723.0249
3600.1616 1731.2074
502.40125 1728.453
1157.7023 1730.7612
1197.8727 1729.3119
1486.8633 1731.6945
1524.0 1729.0
1640.8422 1728.1842
1956.7083 1732.4149
1973.0458 1729.0275
1973.045 1729.0282
1982.4517 1732.6129
2128.6 1730.6
2177.6 1729.6
439.5 1732.0
1149.0 1732.5
1166.4423 1730.8584
1823.0 1732.0
1945.9989 1733.5238
2082.0 1732.5
2361.0 1732.5
2370.4368 1728.9078
3415.0 1733.0
3552.5774 1730.8171
3590.0 1733.5
3621.016 1730.2561
3631.0593 1729.1455
3709.762 1733.8339
376.8892 1731.8807
1914.3518 1735.2035
3645.0256 1730.5131
1191.9276 1739.5806
1216.9011 1739.5376
1683.5603 1737.5427
1826.9973 1737.4552
1899.5651 1741.1687
1929.061 1735.2649
1929.0605 1735.2653
1975.0 1736.5
2220.801 1741.6588
3698.0 1735.0
1683.5607 1737.5446
1692.0 1737.0
1882.3334 1738.0
2123.4902 1738.917
3394.0 1738.0
3406.9338 1738.8121
3555.4211 1739.1052
3579.082 1738.8293
1291.639 1739.8179
1672.8292 1739.9464
1783.2921 1744.101
1826.9973 1737.4551
1877.0608 1736.018
2077.3767 1745.7601
3345.518 1742.7704
3406.9353 1738.8137
3427.5 1740.5
3444.0 1740.5
1144.4 1742.4
1216.9011 1739.5376
3514.6816 1742.1376
1159.5988 1744.7578
1173.9608 1744.5898
1526.6 1743.4
3447.6262 1747.5695
3463.0 1745.0
3589.3982 1743.0952
3708.5715 1745.4286
1164.5 1745.0
1202.101 1752.899
1537.8118 1748.8143
1722.0419 1745.7562
1877.668 1751.4669
2030.3914 1746.5652
3317.4856 1747.5244
1132.5242 1757.1066
1522.9962 1748.7916
3577.2546 1748.5087
3715.2727 1747.7727
1132.0 1749.0
3360.0 1749.5
3683.0 1749.0
1166.6724 1755.7133
1222.7833 1754.7288
1550.0469 1754.1127
3337.449 1750.3053
3398.0 1751.5
3455.565 1752.6334
3557.4634 1756.8529
3648.8772 1752.4845
2002.9407 1758.0465
3394.656 1758.6184
1584.3044 1757.4719
1601.0 1756.5
1670.0518 1754.693
1681.4117 1756.967
1704.958 1757.7802
3350.0 1756.0
3507.3586 1757.7897
1633.901 1757.4315
3414.414 1757.2938
3428.4473 1754.806
3441.1658 1767.9408
3447.1511 1758.7914
3599.0266 1759.5963
3425.0 1762.0
3531.3435 1767.0101
1430.0537 1764.5267
1583.0 1764.0
3360.084 1764.7094
3455.2102 1763.5768
1525.4 1766.6
1608.6 1765.6
3583.2856 1767.4286
3606.1538 1768.8179
1591.1901 1766.8782
1597.0 1768.5
3505.4563 1765.4979
3520.881 1769.9133
3568.0 1767.0
3593.2559 1770.186
3458.75 1774.3529
1562.7474 1769.1534
3302.5854 1769.7832
3449.0 1772.0
3561.566 1769.5706
3575.0518 1773.1298
3710.4927 1773.7645
3323.0312 1772.466
1653.0 1776.0
3439.7234 1776.234
3587.826 1772.6562
3634.9956 1778.911
1594.0 1778.0
1689.0 1778.0
3346.2856 1779.2858
3527.2856 1779.2858
3569.6235 1779.5148
3363.0 1780.5
1602.5027 1780.234
3497.0 1781.0
3521.8542 1780.5494
3615.2898 1784.3113
345.68002 1784.5809
3252.4424 1784.7133
3329.6267 1784.8076
3337.555 1785.6669
3458.8682 1785.2802
3510.7373 1789.6102
3615.2896 1784.3124
3701.7612 1785.2743
1428.7108 1792.4209
3363.5 1789.5
3510.735 1789.6117
3624.1052 1792.421
3675.2249 1791.4147
3345.4595 1795.0736
3345.4592 1795.0736
3359.276 1795.3231
3540.1135 1795.2463
3559.082 1793.4788
3588.8098 1795.1664
3707.5 1794.5
1712.4427 1795.8499
3588.809 1795.1675
3408.5 1797.5
3507.9688 1798.6531
3569.875 1799.625
3600.6113 1802.0527
3701.0 1800.0
3441.8474 1804.6941
3499.8474 1800.1841
3579.4614 1803.9231
3709.0 1801.0
1549.5 1804.0
1726.9594 1803.1453
3344.5 1805.5
3523.6528 1804.34
3541.6152 1814.1407
3675.5 1803.0
1589.9386 1805.9478
3545.5789 1806.8948
3559.8967 1816.1705
3573.6787 1808.4178
3704.722 1814.6069
1628.3679 1806.3936
3653.6687 1810.6526
1418.7778 1810.7778
1686.2632 1812.5856
3587.5244 1811.7546
3648.2603 1808.29
1619.8325 1810.4126
3343.6575 1810.7852
3353.0 1812.0
3408.3403 1816.8723
3416.349 1813.2762
3424.9773 1814.9323
3581.0 1811.0
1475.376 1821.1531
1503.5387 1814.3394
3522.2876 1821.4755
3541.6147 1814.1407
3623.5288 1817.8472
3684.0 1814.0
1609.0 1816.6666
3492.1934 1818.6593
3618.0 1816.8572
1718.579 1818.8948
1755.8428 1812.4144
3456.7825 1819.8391
3531.1619 1814.1486
3640.4 1818.4
3650.8787 1821.0046
1469.3762 1821.8107
1512.0 1820.0
3362.889 1825.5111
3623.5305 1817.8445
3538.0 1822.5
3683.505 1817.1805
1563.305 1827.8024
1588.1067 1823.0624
3316.8376 1823.5321
3489.6477 1826.4445
3531.377 1824.8864
3681.5 1824.5
1472.7618 1824.1544
1508.4215 1826.793
3352.6814 1825.9879
3409.9092 1827.0454
3442.6829 1830.9192
3645.4 1826.6
1696.0 1828.0
1779.513 1831.2883
1723.8116 1832.3402
3341.53 1838.4441
3637.6 1829.6
1520.0 1831.0
1573.9867 1830.6841
3509.0144 1833.5427
3549.6912 1834.6665
3658.5 1834.0
3664.0 1834.5
3708.9424 1829.5194
3356.55 1839.85
3437.029 1834.3478
3423.5 1838.0
3428.8242 1836.9204
1636.0 1839.5
3372.43 1842.5737
3395.1484 1837.6346
3403.5876 1839.4681
3455.4211 1841.1052
1763.8068 1846.4146
3421.2517 1841.1134
3449.9717 1841.2239
3621.8767 1841.4546
1494.0879 1842.3853
1592.0 1843.5
3333.7837 1845.7242
3352.0 1843.0
3377.7646 1846.5294
3437.6 1844.4
3611.0574 1843.6936
1545.7838 1843.8469
3513.5264 1849.8948
1453.5294 1849.7354
1470.4 1847.6
1566.0 1847.5
1719.3911 1848.654
3360.9333 1850.1451
3429.56 1848.68
3540.7253 1846.8956
3333.7852 1845.725
3343.826 1853.3807
3641.9644 1852.3214
3732.8044 1849.9995
1473.3578 1854.2719
3404.6855 1858.408
3439.9082 1856.449
3453.7544 1856.044
3669.0 1852.0
1594.7262 1855.537
3321.7102 1856.5101
1465.0 1855.5
1762.1902 1858.5198
3369.2566 1853.2281
3412.4 1855.4
3558.1394 1857.6183
3649.712 1859.8136
3660.0 1856.0
3304.0 1857.0
3639.8948 1858.421
1466.0 1860.0
1762.1927 1858.5261
3332.0007 1861.9368
3490.4368 1858.9777
3514.5 1861.0
3694.4756 1856.3615
1524.7878 1857.879
3428.1694 1862.999
3434.0 1862.5
3591.9363 1860.379
3656.7263 1861.0294
1471.2463 1860.6776
3380.464 1864.5925
3491.4233 1872.3127
3505.051 1862.031
3604.2278 1863.0685
1580.4287 1865.8495
1633.5193 1862.6426
1639.5 1866.5
3294.279 1865.3276
3375.0 1866.0
1555.0 1868.5
3428.1694 1862.9988
3433.291 1871.0792
3625.4053 1867.6587
3641.5 1867.5
3389.0 1870.5
3547.6658 1876.2855
3591.2732 1871.0936
1446.5125 1869.5308
1693.4559 1873.7731
3410.8718 1872.824
3440.0908 1871.909
3556.2437 1869.6702
3619.6365 1872.3182
3654.7788 1871.6265
3692.35 1873.6375
1465.6113 1868.8337
3507.0908 1875.3937
3712.1128 1876.4807
3386.3994 1876.2059
3609.1394 1874.3445
3726.4 1876.6
3574.543 1878.6937
3412.156 1884.9784
3561.5 1879.0
3608.871 1881.5253
3622.3 1881.35
3664.5505 1877.6008
3704.0537 1879.2809
3501.6616 1885.2773
1543.9552 1883.6421
1485.0127 1882.9238
3487.1443 1882.5073
3630.3984 1890.3986
3663.0 1885.0
3630.3997 1890.3987
3484.191 1893.0483
1775.3575 1894.5731
3395.9644 1893.1072
3437.4426 1894.541
3495.8867 1892.7373
3505.9138 1892.3741
3381.0 1894.0
3418.0 1895.5
3651.5232 1898.5881
3659.2476 1890.2357
1473.729 1892.2386
1605.0 1896.5
3589.2854 1894.0656
1486.6 1898.6
3408.538 1903.3933
3506.671 1899.2734
1422.866 1905.4851
3662.6 1902.4
3676.1958 1904.0664
1545.6316 1902.3866
1601.579 1904.8948
3398.0466 1905.2559
3495.1438 1903.119
3600.564 1901.9856
3389.7036 1907.7407
3433.2751 1908.8647
3512.0 1906.5
3572.7283 1907.9498
3656.3215 1907.9642
3484.3804 1907.5826
3594.715 1910.2483
3676.1963 1904.0675
3494.7446 1913.2916
3606.4514 1909.2067
3418.6008 1918.8696
3515.9673 1918.3115
3587.375 1915.125
3594.715 1910.248
3631.614 1912.6997
1452.6364 1917.648
3366.5398 1921.9425
3447.5747 1918.1906
3477.7812 1915.0663
3493.094 1911.8501
3509.6 1916.4
3543.821 1918.0084
3610.9736 1918.851
3624.6 1916.4
3662.9285 1917.0
3505.0 1918.0
3581.6 1918.6
3701.3333 1920.0
3484.24 1923.2899
1463.2256 1923.2289
1479.0 1921.5
3404.4258 1923.9432
3531.0344 1923.2413
3573.7673 1921.5658
3689.8794 1921.5311
1638.4828 1927.3921
3394.0 1925.0
3404.4253 1923.9429
3607.0 1926.5
3373.0 1927.0
3541.681 1924.6515
3476.1543 1927.5748
3515.5 1929.0
3660.7551 1937.6082
3671.5 1929.0
3366.6 1932.6
3411.96 1934.56
3510.1377 1933.9491
3702.48 1933.4933
3746.3948 1933.7632
3501.0698 1937.4651
3639.2222 1935.2222
1670.0 1937.0
3431.279 1933.6333
3476.8408 1938.1847
3521.2273 1934.625
3630.5 1938.0
3365.9167 1939.9166
3596.4119 1939.9412
1715.0 1941.5
3494.5881 1941.9412
3609.027 1947.551
3678.935 1943.0184
1728.1357 1942.6157
3432.1536 1945.9137
3473.6438 1944.435
3510.6414 1943.3813
3637.0 1943.5
3490.0 1946.5
3577.608 1943.1998
3403.5 1947.0
3645.0 1947.0
3412.004 1946.8041
1692.8016 1951.0002
3423.678 1950.6196
3483.967 1950.9088
3493.7144 1957.8334
3521.3196 1950.3611
1682.421 1954.8948
3440.0 1954.0
3501.0 1954.0
3677.3677 1956.2347
1694.2406 1957.5752
3638.1914 1963.9852
3474.9336 1953.5839
3501.7861 1965.3988
3514.9116 1958.9746
3534.0076 1958.0436
3588.2874 1955.8723
1730.2695 1959.3715
3432.5789 1959.8948
3426.0 1961.5
3624.4 1962.4
3444.0 1964.0
3470.919 1967.6438
3597.634 1964.1144
1714.0642 1966.0912
1743.2776 1963.2854
1670.0659 1969.2814
3431.0527 1973.1842
3492.5 1969.6364
3534.5715 1973.2858
3341.0 1972.0
3642.0 1974.5
3336.7607 1977.3049
3611.2876 1978.1516
3614.4 1976.6
3736.0 1975.0
1722.4574 1977.0052
3390.2856 1979.8572
1551.9417 1979.4884
3576.9714 1986.3857
3582.0537 1984.0681
3611.2866 1978.1517
1703.3334 1984.8334
3643.999 1982.6157
1607.9008 1984.2162
3489.5 1988.5
1633.7118 1989.7278
1666.8217 1994.0425
3614.0 1990.0
1792.7797 1991.1749
3577.0874 1995.4132
1590.1008 1994.3461
3563.5938 1997.0471
3387.0374 1994.7407
1627.5 1999.0
3503.444 2002.2747
3545.1924 2006.8202
3600.5757 1997.7797
3556.9043 2000.6028
1598.0 2003.0
1646.0 2003.5
1651.15 2004.55
3481.468 2007.8367
3617.3333 2007.4697
1740.5 2006.5
3632.0 2006.0
1624.0 2007.0
3530.1348 2004.9229
1646.8301 2011.7793
1658.7096 2007.2302
3486.6155 2011.0
1607.1449 2009.5073
1622.4 2011.4
1630.0 2012.0
3494.0 2014.4186
3382.5488 2012.407
3431.671 2018.3904
3467.2104 2016.1714
3520.513 2013.9154
3536.8 2020.2
1632.6202 2021.5233
3475.5679 2018.5068
3550.6494 2020.6692
3593.8254 2016.0782
1702.715 2021.6073
3507.1003 2018.721
1658.0 2021.0
1754.5555 2023.1111
1774.9816 2020.927
3494.9458 2023.2078
3589.7058 2025.7457
1648.2406 2019.6337
1675.895 2020.8362
3377.1387 2026.5298
3439.44 2026.08
3466.531 2025.4894
1600.3984 2024.3815
1571.0 2028.0
3428.0 2027.5
1657.2897 2030.7318
1672.0 2030.5
1620.3142 2033.6477
1711.6521 2027.4915
3550.7017 2027.9788
1559.489 2035.5336
1646.8713 2035.3953
1572.7344 2037.8507
3489.6284 2036.8625
3518.4373 2038.2703
3599.0 2036.0
1527.8915 2037.576
3545.0 2039.0
3558.1057 2042.0
1676.0145 2038.8687
1624.4048 2044.8312
1695.4893 2044.4467
1667.3071 2050.3284
3652.2974 2049.9287
1567.0 2047.0
1775.5929 2048.9858
2211.0422 2047.2675
1763.9058 2049.9897
3545.1626 2045.4098
1561.6572 2050.4495
1512.3417 2051.1882
1630.2638 2052.9995
1667.3059 2050.338
2904.3994 2054.958
1521.091 2061.0908
1691.6565 2058.284
1697.0 2059.0
3539.2534 2063.2976
1580.921 2069.706
1614.5526 2072.5625
1671.6742 2070.2036
3480.7925 2068.587
1592.4501 2074.616
3314.25 2075.2234
1525.0789 2079.8728
1624.1875 2080.1875
1660.8987 2078.9026
3480.0 2079.0
1465.8228 2082.919
1615.4865 2083.0315
1693.0 2082.0
1551.9087 2083.4766
1682.8342 2084.239
1649.5814 2088.2244
3482.5 2088.0
3574.0 2087.0
1687.6136 2090.5144
3508.0342 2086.5686
3475.0 2092.5
1427.8019 2097.7722
1448.7351 2093.7688
3324.634 2098.23
1703.5804 2101.607
1814.3865 2099.9453
3377.9783 2101.2002
3478.96 2098.76
1435.4 2100.4
1717.7045 2100.347
1483.2269 2099.843
3385.5022 2103.71
3394.207 2102.3755
3357.0 2104.0
1505.6829 2109.431
1708.4 2107.6
3515.1797 2105.968
3353.6 2110.4
1478.6 2111.4
1487.3306 2112.242
1631.4764 2109.2798
3404.63 2112.3643
1466.5825 2113.566
1657.4072 2111.327
3348.4185 2108.8723
3515.5 2116.5
3404.6296 2112.3638
3363.996 2126.6484
3434.6455 2125.374
3333.0642 2133.4937
3363.0 2136.0
1420.4567 2140.3384
3343.9219 2135.6003
1469.9606 2138.1108
3373.1401 2144.286
1489.6569 2144.541
1685.0 2146.0
3421.1626 2146.21
3410.2144 2147.3462
3351.3896 2152.6685
3470.3906 2154.0752
1610.594 2154.342
3375.7935 2161.541
3420.2283 2159.968
1431.3289 2161.5698
1482.8926 2161.5132
3412.007 2161.9653
3412.01 2161.9668
1467.0457 2164.7551
1518.8496 2163.6257
1549.7909 2165.5693
3361.7168 2170.4658
3411.672 2169.163
1471.5 2171.0
1432.0089 2171.226
3912.3713 2180.1516
1429.3369 2184.6765
1483.1499 2187.8691
3341.8374 2184.3823
1483.1501 2187.8694
3979.4158 2188.2214
1440.008 2191.1077
1516.8002 2191.2393
3356.5 2194.0
1470.1176 2199.1248
1482.5393 2201.1887
3389.0 2199.0
3405.606 2201.7056
1412.5 2203.5
1438.0706 2205.574
1551.0 2204.5
3353.4 2204.4
1438.072 2205.5718
3360.68 2207.76
3385.2996 2206.888
3487.0 2205.0
3336.0 2208.0
1445.4083 2208.1243
3334.0 2214.0
3355.3547 2215.8064
3375.8926 2215.1653
3382.4902 2220.843
3935.4678 2215.1838
3337.6296 2219.5186
3923.758 2217.0244
3961.2131 2217.56
1495.8983 2223.3906
3423.9128 2214.0657
1474.4 2225.6
3396.1492 2225.6318
3404.3196 2223.3347
1467.3668 2227.295
3364.5168 2228.9475
3376.3 2230.0
1456.6201 2235.4673
3374.05 2235.9
3408.1436 2239.2947
3422.7124 2232.093
1469.0 2238.0
1516.3116 2240.431
1547.6826 2237.3464
3353.8586 2239.2876
3390.1682 2240.558
3398.0 2239.0
3410.0 2246.0
3381.1013 2248.1392
1438.882 2253.6685
1535.6466 2258.469
3397.6187 2258.3926
1535.6467 2258.4695
1440.0 2264.0
3110.3562 2276.2686
1425.1232 2290.5906
1493.4187 2294.849
1451.0 2304.0
2575.6567 2308.3184
2691.08 2312.523
2202.0195 2316.157
2209.0 2321.0
2315.5703 2321.9585
1416.7247 2320.7454
1486.0 2324.0
1439.0 2325.0
2373.601 2324.591
1480.2473 2330.2627
1409.6346 2331.6155
1439.9503 2331.0325
1516.0 2330.0
3030.8237 2331.9414
1451.5238 2332.7773
1508.1914 2332.5222
2377.0813 2335.6816
1489.2805 2340.0112
1427.6465 2341.2808
1514.6086 2339.4348
1444.6864 2341.013
1476.8322 2341.5808
1520.1515 2340.291
3186.0 2342.0
3193.1636 2341.33
3007.3406 2344.7651
2590.5889 2348.4731
3756.657 2347.5288
1426.5035 2355.255
3073.6091 2355.2593
2286.2478 2353.5505
2834.0 2358.5
4029.38 2355.2058
2369.89 2363.148
2905.4219 2365.5613
2225.9656 2367.6091
3075.6365 2372.7273
1410.2655 2372.3557
3352.582 2370.0964
3947.1848 2368.7598
2928.408 2376.7158
2245.0 2377.0
4025.4285 2380.569
3682.7224 2380.2688
3722.2654 2381.919
2068.426 2382.16
2265.0 2382.0
2263.191 2387.7664
2674.5073 2386.5596
3625.9844 2387.9927
2903.2349 2388.5293
2912.4116 2389.6035
3487.4172 2389.726
3603.381 2389.8032
3617.0 2390.0
2524.0261 2390.4556
2514.0 2394.0
2871.5283 2393.2393
2862.5715 2395.0933
3925.3984 2397.5637
2530.6873 2397.0479
2749.3286 2407.817
3646.5552 2401.2898
3301.0 2405.0
2068.5686 2406.6118
3246.1792 2412.7437
2738.681 2408.2156
3495.0618 2408.0667
3094.3315 2412.6882
4002.2148 2411.8328
3213.912 2417.4773
3438.7234 2413.938
2729.4702 2414.7605
2740.1926 2416.6396
3233.7473 2412.2153
3047.8816 2416.369
3188.6628 2422.5815
2351.9558 2425.4194
2949.071 2423.9497
2949.07 2423.9482
3087.4856 2425.714
2987.3713 2425.8508
3161.4807 2426.5564
3255.8032 2424.0864
2832.7117 2435.085
3016.2358 2438.87
3210.075 2437.682
3242.1777 2432.4492
3295.0 2435.0
3025.0 2437.0
2021.7804 2438.0862
2968.2712 2437.1099
3073.667 2439.5635
3094.1836 2440.4243
2347.0164 2439.5706
2749.2249 2444.1025
3004.8816 2442.339
3260.4988 2446.9731
2719.7917 2452.5186
2741.0967 2442.429
2839.5762 2445.7944
2992.6526 2447.4668
3018.5217 2447.246
2304.6465 2448.2046
2805.2954 2446.1072
3091.0 2448.0
3845.3733 2447.7058
2662.776 2452.4282
2736.0 2449.0
2980.2424 2448.2937
1617.8926 2451.3223
2392.8206 2452.3499
2416.8162 2451.9863
2790.225 2457.6555
2804.6074 2459.6619
2849.8767 2452.4978
2877.0 2456.8462
2885.765 2454.6836
2913.041 2454.0962
3121.8933 2454.0632
2908.2424 2461.1516
2964.6162 2460.342
3014.0576 2459.1484
1380.6375 2459.1938
2166.2236 2462.4177
2396.0 2461.5
2519.467 2464.211
2866.5195 2471.264
2863.505 2462.355
3268.2764 2461.196
2467.911 2464.273
2812.0 2463.0
3292.8079 2465.0066
1379.3049 2468.2314
2413.0 2466.5
2728.0 2466.5
3113.5 2465.5
3238.2744 2465.7437
2467.9111 2464.2742
2679.6633 2467.1406
2804.3994 2466.7773
3012.8774 2469.8132
3234.0 2468.0
2418.105 2472.6372
2894.3105 2474.239
2944.731 2473.9333
3229.0923 2477.795
2397.426 2477.6619
2844.3152 2476.632
2844.3179 2476.6316
1378.3658 2479.6597
2600.9788 2480.9143
1392.356 2480.3396
2186.439 2482.2195
2797.0 2480.5
2591.8672 2480.2117
2691.0342 2482.0347
3255.3145 2479.5635
2298.125 2484.375
2305.2388 2482.638
2600.9824 2480.921
2814.4907 2481.4478
2865.2837 2483.29
2014.6913 2492.6682
2175.6 2485.6
2718.4006 2483.028
2159.5 2488.0
2455.8596 2487.3193
2550.0264 2488.7493
2671.0085 2486.9253
2295.6895 2491.6758
2878.2178 2489.4944
2923.9412 2488.0093
3377.3367 2487.241
2606.3367 2490.5435
1480.5582 2492.1194
